0 0.946981308411215 0.7066168224299065 0.046074766355140184 0.046093457943925234
0 0.6276635514018691 0.6907009345794393 0.046074766355140184 0.046093457943925234
0 0.5714766355140187 0.7618691588785047 0.046074766355140184 0.046093457943925234
0 0.2774485981308411 0.8105607476635514 0.046074766355140184 0.046093457943925234
0 0.40573831775700936 0.6373271028037384 0.046074766355140184 0.046093457943925234
0 0.5021869158878505 0.6073644859813084 0.046074766355140184 0.046093457943925234
0 0.37483177570093457 0.7468878504672897 0.046074766355140184 0.046093457943925234
0 0.6454579439252336 0.8339719626168225 0.046074766355140184 0.046093457943925234
0 0.8513738317757009 0.8525607476635514 0.046074766355140184 0.046093457943925234
0 0.49741121495327106 0.7973084112149533 0.046074766355140184 0.046093457943925234
2 0.5 0.6590560747663552 1.0 0.6818878504672897
1 0.5 0.772785046728972 1.0 0.251570093457944
1 0.5 0.5810093457943926 1.0 0.19216822429906544
1 0.5 0.4216308411214953 1.0 0.16268224299065415
