0 0.19727350427350426 0.555982905982906 0.08162393162393163 0.07066666666666667
0 0.5402307692307693 0.6290854700854701 0.08162393162393163 0.07066666666666667
0 0.3842820512820513 0.3890683760683761 0.08162393162393163 0.07066666666666667
0 0.23564957264957262 0.3464273504273504 0.08162393162393163 0.07066666666666667
0 0.7047008547008548 0.6205555555555555 0.08162393162393163 0.07066666666666667
0 0.796076923076923 0.5084700854700854 0.08162393162393163 0.07066666666666667
0 0.6754615384615384 0.478008547008547 0.08162393162393163 0.07066666666666667
0 0.7802393162393162 0.28673504273504274 0.08162393162393163 0.07066666666666667
0 0.5475384615384615 0.4134358974358975 0.08162393162393163 0.07066666666666667
0 0.3842820512820513 0.5413589743589744 0.08162393162393163 0.07066666666666667
1 0.3502264957264957 0.3221196581196581 0.7004529914529914 0.6442393162393162
1 0.5700598290598291 0.489551282051282 0.8598803418803418 0.8449829059829059
1 0.7411111111111112 0.686551282051282 0.5177777777777778 0.626897435897436
2 0.5 0.5 1.0 1.0
