0 0.5541775700934579 0.6527289719626168 0.06285981308411215 0.055869158878504674
0 0.8171214953271029 0.6931869158878505 0.06285981308411215 0.055869158878504674
0 0.7942056074766355 0.8293738317757009 0.06285981308411215 0.055869158878504674
0 0.5878878504672896 0.8752242990654205 0.06285981308411215 0.055869158878504674
0 0.3343831775700935 0.7498130841121495 0.06285981308411215 0.055869158878504674
0 0.30606542056074765 0.588 0.06285981308411215 0.055869158878504674
0 0.2925794392523364 0.3547289719626168 0.06285981308411215 0.055869158878504674
0 0.6000280373831776 0.3075327102803738 0.06285981308411215 0.055869158878504674
0 0.8022897196261682 0.2401121495327103 0.06285981308411215 0.055869158878504674
0 0.690373831775701 0.56103738317757 0.06285981308411215 0.055869158878504674
1 0.3435233644859813 0.48739252336448596 0.31476635514018697 0.9734392523364486
1 0.7124579439252336 0.5330093457943924 0.39345794392523364 0.8766355140186916
2 0.5332990654205607 0.49223364485981314 0.9334018691588785 0.974766355140187
