0 0.22965811965811964 0.4491538461538461 0.03594871794871795 0.03675213675213675
0 0.4121965811965812 0.6480598290598291 0.03594871794871795 0.03675213675213675
0 0.31553846153846155 0.5545982905982906 0.03594871794871795 0.03675213675213675
0 0.6270854700854701 0.656051282051282 0.03594871794871795 0.03675213675213675
0 0.0583076923076923 0.5370256410256411 0.03594871794871795 0.03675213675213675
0 0.42817094017094015 0.4315811965811966 0.03594871794871795 0.03675213675213675
0 0.45612820512820507 0.525042735042735 0.03594871794871795 0.03675213675213675
0 0.5384102564102564 0.533025641025641 0.03594871794871795 0.03675213675213675
0 0.3938205128205128 0.5977350427350427 0.03594871794871795 0.03675213675213675
0 0.4891623931623932 0.7006837606837606 0.03594871794871795 0.03675213675213675
1 0.6340854700854701 0.27344871794871795 0.575162393162393 0.5468974358974359
1 0.4673504273504273 0.33263247863247863 0.6277264957264956 0.6652649572649573
1 0.33755982905982906 0.42880341880341877 0.6391196581196582 0.7937264957264957
1 0.2830299145299145 0.6517350427350427 0.5273076923076924 0.6128888888888888
2 0.5098290598290598 0.5 0.9803418803418803 1.0
