0 0.5193931623931625 0.41891452991452993 0.040324786324786324 0.03835897435897436
0 0.19711111111111113 0.44696581196581203 0.040324786324786324 0.03835897435897436
0 0.32655555555555554 0.5615811965811965 0.040324786324786324 0.03835897435897436
0 0.4654444444444445 0.5615811965811965 0.040324786324786324 0.03835897435897436
0 0.27531623931623933 0.36065811965811967 0.040324786324786324 0.03835897435897436
0 0.5584871794871794 0.34312820512820513 0.040324786324786324 0.03835897435897436
0 0.5504017094017094 0.5494444444444445 0.040324786324786324 0.03835897435897436
0 0.6516068376068376 0.38614529914529916 0.040324786324786324 0.03835897435897436
0 0.5308119658119658 0.6492820512820513 0.040324786324786324 0.03835897435897436
0 0.6825128205128205 0.6764358974358974 0.040324786324786324 0.03835897435897436
1 0.6742948717948718 0.25251282051282053 0.631068376068376 0.4530940170940171
1 0.4376410256410256 0.5178717948717949 0.7038803418803419 0.6000512820512821
1 0.5606153846153846 0.3557905982905983 0.6472478632478632 0.507017094017094
2 0.5051837606837607 0.5 0.9896324786324785 1.0
