0 0.3568290598290598 0.5895213675213675 0.06700854700854701 0.06822222222222221
0 0.33064102564102565 0.3288034188034188 0.06700854700854701 0.06822222222222221
0 0.288 0.43845299145299144 0.06700854700854701 0.06822222222222221
0 0.5596837606837607 0.44088888888888894 0.06700854700854701 0.06822222222222221
0 0.5267863247863248 0.6004871794871796 0.06700854700854701 0.06822222222222221
0 0.7156239316239316 0.369008547008547 0.06700854700854701 0.06822222222222221
0 0.7265897435897436 0.609017094017094 0.06700854700854701 0.06822222222222221
0 0.4439401709401709 0.4908376068376068 0.06700854700854701 0.06822222222222221
0 0.47683760683760684 0.24960683760683763 0.06700854700854701 0.06822222222222221
0 0.6449658119658119 0.6979487179487179 0.06700854700854701 0.06822222222222221
1 0.6586239316239316 0.41447435897435897 0.6827521367521368 0.7295299145299146
1 0.42152564102564105 0.1890982905982906 0.8157521367521368 0.3605897435897436
2 0.5 0.5068376068376068 1.0 0.9863247863247864
