0 0.45376635514018687 0.6492056074766355 0.05992523364485982 0.05431775700934579
0 0.4874766355140187 0.7456542056074766 0.05992523364485982 0.05431775700934579
0 0.2964485981308411 0.746588785046729 0.05992523364485982 0.05431775700934579
0 0.3254766355140187 0.4975046728971963 0.05992523364485982 0.05431775700934579
0 0.7459252336448599 0.47315887850467286 0.05992523364485982 0.05431775700934579
0 0.8114766355140187 0.7915327102803739 0.05992523364485982 0.05431775700934579
0 0.8817009345794392 0.6763551401869159 0.05992523364485982 0.05431775700934579
0 0.7047196261682243 0.6754205607476635 0.05992523364485982 0.05431775700934579
0 0.8900373831775701 0.5899626168224299 0.05992523364485982 0.05431775700934579
0 0.693392523364486 0.577785046728972 0.05992523364485982 0.05431775700934579
1 0.5 0.8167757009345795 1.0 0.2524299065420561
1 0.5 0.5532710280373832 1.0 0.22990654205607478
1 0.5 0.2738317757009346 1.0 0.21682242990654205
2 0.5 0.5093457943925234 1.0 0.9813084112149533
