0 0.3496261682242991 0.47751401869158877 0.04917757009345794 0.04385046728971963
0 0.2541121495327103 0.47526168224299065 0.04917757009345794 0.04385046728971963
0 0.1923084112149533 0.5224579439252336 0.04917757009345794 0.04385046728971963
0 0.7047196261682243 0.502233644859813 0.04917757009345794 0.04385046728971963
0 0.5968411214953271 0.5584205607476636 0.04917757009345794 0.04385046728971963
0 0.26085981308411216 0.667411214953271 0.04917757009345794 0.04385046728971963
0 0.12714018691588785 0.6741588785046729 0.04917757009345794 0.04385046728971963
0 0.49121495327102804 0.6550560747663551 0.04917757009345794 0.04385046728971963
0 0.7114579439252336 0.747196261682243 0.04917757009345794 0.04385046728971963
0 0.4811028037383177 0.776411214953271 0.04917757009345794 0.04385046728971963
1 0.5 0.8043691588785046 1.0 0.21810280373831775
1 0.5 0.5404065420560747 1.0 0.20036448598130835
1 0.5 0.26822429906542056 1.0 0.23702803738317757
2 0.5 0.5050046728971963 1.0 0.9899906542056074
