0 0.11425873465533522 0.4259867799811143 0.03905571293673277 0.036279508970727105
0 0.06601510859301227 0.44062322946175636 0.03905571293673277 0.036279508970727105
0 0.26001888574126536 0.37234183191690273 0.03905571293673277 0.036279508970727105
0 0.21678942398489143 0.4102832861189802 0.03905571293673277 0.036279508970727105
0 0.40220018885741265 0.28667610953729933 0.03905571293673277 0.036279508970727105
0 0.7842587346553352 0.29042492917847024 0.03905571293673277 0.036279508970727105
0 0.5735599622285175 0.4374409820585458 0.03905571293673277 0.036279508970727105
0 0.8291973559962229 0.4861378659112371 0.03905571293673277 0.036279508970727105
0 0.12045325779036828 0.20288007554296505 0.03905571293673277 0.036279508970727105
0 0.04179414542020774 0.11860245514636449 0.03905571293673277 0.036279508970727105
1 0.5 0.232766761095373 1.0 0.37110481586402266
1 0.5 0.47780925401322 1.0 0.3550519357884797
2 0.5 0.37063267233238906 1.0 0.7412653446647781
