0 0.45505128205128204 0.5706239316239317 0.05618803418803418 0.041350427350427356
0 0.38622222222222224 0.5245641025641026 0.05618803418803418 0.041350427350427356
0 0.6188290598290598 0.26611111111111113 0.05618803418803418 0.041350427350427356
0 0.5873675213675214 0.5009658119658119 0.05618803418803418 0.041350427350427356
0 0.7896324786324787 0.3324102564102564 0.05618803418803418 0.041350427350427356
0 0.7918803418803418 0.4133162393162393 0.05618803418803418 0.041350427350427356
0 0.855931623931624 0.38747008547008543 0.05618803418803418 0.041350427350427356
0 0.9098717948717948 0.5481623931623932 0.05618803418803418 0.041350427350427356
0 0.27264102564102566 0.46731623931623933 0.05618803418803418 0.041350427350427356
0 0.46681196581196577 0.3527008547008547 0.05618803418803418 0.041350427350427356
1 0.6627478632478632 0.528991452991453 0.6745042735042736 0.6392478632478632
1 0.5792820512820512 0.3227222222222222 0.8414358974358974 0.6454444444444444
1 0.4191153846153846 0.2127948717948718 0.7858717948717949 0.4255897435897436
2 0.5 0.5012820512820513 1.0 0.9974358974358974
