0 0.3348547008547008 0.8061794871794872 0.05005128205128205 0.04935042735042735
0 0.5722393162393162 0.7828974358974359 0.05005128205128205 0.04935042735042735
0 0.5610769230769231 0.589991452991453 0.05005128205128205 0.04935042735042735
0 0.759051282051282 0.6224786324786324 0.05005128205128205 0.04935042735042735
0 0.823008547008547 0.5595299145299145 0.05005128205128205 0.04935042735042735
0 0.7610769230769231 0.8062478632478632 0.05005128205128205 0.04935042735042735
0 0.09811111111111112 0.6326324786324786 0.05005128205128205 0.04935042735042735
0 0.13059829059829062 0.5676581196581196 0.05005128205128205 0.04935042735042735
0 0.5934188034188034 0.9536324786324787 0.05005128205128205 0.04935042735042735
0 0.7822564102564102 0.9536324786324787 0.05005128205128205 0.04935042735042735
1 0.11230769230769232 0.7333333333333333 0.22461538461538463 0.5333333333333333
1 0.35555555555555557 0.7252905982905982 0.23976068376068374 0.5494188034188034
1 0.5898247863247863 0.7274871794871796 0.220008547008547 0.545025641025641
1 0.8121410256410255 0.7252905982905982 0.23773504273504273 0.5494188034188034
2 0.4756410256410256 0.49786324786324787 0.9512820512820512 0.9957264957264957
