0 0.500042735042735 0.3507863247863248 0.04345299145299145 0.04025641025641026
0 0.6656495726495726 0.3490854700854701 0.04345299145299145 0.04025641025641026
0 0.7415384615384616 0.2907692307692308 0.04345299145299145 0.04025641025641026
0 0.7287521367521368 0.4233760683760684 0.04345299145299145 0.04025641025641026
0 0.5562051282051282 0.4185811965811966 0.04345299145299145 0.04025641025641026
0 0.572982905982906 0.4705128205128205 0.04345299145299145 0.04025641025641026
0 0.6952051282051281 0.508051282051282 0.04345299145299145 0.04025641025641026
0 0.7391367521367521 0.4689145299145299 0.04345299145299145 0.04025641025641026
0 0.7838717948717948 0.4145897435897436 0.04345299145299145 0.04025641025641026
0 0.49445299145299143 0.5268205128205128 0.04345299145299145 0.04025641025641026
1 0.3595854700854701 0.4794017094017094 0.15489743589743588 0.8485470085470085
1 0.5436196581196582 0.4826623931623932 0.17558119658119653 0.911051282051282
1 0.7233504273504273 0.47106837606837604 0.1904957264957265 0.9011111111111111
2 0.5551282051282052 0.5106837606837606 0.6606837606837607 0.9786324786324786
