0 0.36598290598290595 0.4802478632478632 0.04760683760683761 0.04678632478632479
0 0.15912820512820514 0.5036410256410256 0.04760683760683761 0.04678632478632479
0 0.14845299145299146 0.5898290598290599 0.04760683760683761 0.04678632478632479
0 0.3068803418803419 0.5537094017094017 0.04760683760683761 0.04678632478632479
0 0.5514957264957265 0.35999145299145296 0.04760683760683761 0.04678632478632479
0 0.5600598290598291 0.7267094017094017 0.04760683760683761 0.04678632478632479
0 0.43224786324786324 0.30572649572649574 0.04760683760683761 0.04678632478632479
0 0.4843931623931624 0.23676923076923076 0.04760683760683761 0.04678632478632479
0 0.22077777777777777 0.3518034188034188 0.04760683760683761 0.04678632478632479
0 0.23515384615384616 0.4764188034188034 0.04760683760683761 0.04678632478632479
1 0.21358547008547007 0.46008974358974364 0.32103418803418804 0.6671880341880342
1 0.40813247863247865 0.3905940170940171 0.35947863247863243 0.579957264957265
1 0.5668333333333333 0.33643162393162396 0.39484615384615385 0.46204273504273496
2 0.5200854700854701 0.5162393162393163 0.9512820512820512 0.958974358974359
