0 0.2996725912067353 0.6206641721234799 0.06291861552853134 0.05592142188961646
0 0.28348924228250705 0.9201496725912067 0.06291861552853134 0.05592142188961646
0 0.6003648269410664 0.64822263797942 0.06291861552853134 0.05592142188961646
0 0.8082507015902712 0.7459775491113191 0.06291861552853134 0.05592142188961646
0 0.7071188026192703 0.5875397567820393 0.06291861552853134 0.05592142188961646
0 0.3109354536950421 0.7013564078578111 0.06291861552853134 0.05592142188961646
0 0.36038353601496725 0.4114499532273152 0.06291861552853134 0.05592142188961646
0 0.5525350795135641 0.9238540692235735 0.06291861552853134 0.05592142188961646
0 0.5884939195509823 0.5541534144059869 0.06291861552853134 0.05592142188961646
0 0.8188493919550982 0.6519176800748363 0.06291861552853134 0.05592142188961646
1 0.35042095416276897 0.49438727782974745 0.31506080449017776 0.960710944808232
1 0.7095416276894294 0.5360149672591207 0.3938260056127222 0.8774555659494855
2 0.5304022450888681 0.48783910196445274 0.9391955098222639 0.9756782039289055
