0 0.44385981308411215 0.5380280373831776 0.06340186915887851 0.0545607476635514
0 0.8225046728971963 0.5347943925233645 0.06340186915887851 0.0545607476635514
0 0.7982336448598131 0.426373831775701 0.06340186915887851 0.0545607476635514
0 0.20114018691588784 0.339 0.06340186915887851 0.0545607476635514
0 0.672018691588785 0.7985420560747664 0.06340186915887851 0.0545607476635514
0 0.11214953271028037 0.805018691588785 0.06340186915887851 0.0545607476635514
0 0.22865420560747662 0.7532336448598131 0.06340186915887851 0.0545607476635514
0 0.561981308411215 0.5428785046728972 0.06340186915887851 0.0545607476635514
0 0.19952336448598132 0.5590654205607477 0.06340186915887851 0.0545607476635514
0 0.2464485981308411 0.6254018691588784 0.06340186915887851 0.0545607476635514
1 0.5 0.6925233644859813 1.0 0.21495327102803738
1 0.5 0.3967289719626168 1.0 0.2102803738317757
2 0.5 0.611214953271028 1.0 0.7775700934579439
