0 0.1765569143932267 0.23901222953904044 0.05992474129821261 0.05992474129821261
0 0.3881937911571025 0.3626152398871119 0.05992474129821261 0.05992474129821261
0 0.0810442144873001 0.43190968955785514 0.05992474129821261 0.05992474129821261
0 0.205587958607714 0.3822859830667921 0.05992474129821261 0.05992474129821261
0 0.4443744120413923 0.532107243650047 0.05992474129821261 0.05992474129821261
0 0.29735653809971774 0.5508372530573847 0.05992474129821261 0.05992474129821261
0 0.5567450611476953 0.506829727187206 0.05992474129821261 0.05992474129821261
0 0.906961429915334 0.6088993414863594 0.05992474129821261 0.05992474129821261
0 0.8245531514581373 0.495587958607714 0.05992474129821261 0.05992474129821261
0 0.6674788334901223 0.5436876763875824 0.05992474129821261 0.05992474129821261
1 0.4785606773283161 0.3385936030103481 0.9255691439322672 0.6682878645343368
1 0.42940733772342426 0.5796942615239886 0.8588146754468485 0.6812323612417686
2 0.5 0.5 1.0 1.0
