0 0.24384112149532713 0.7174299065420561 0.046822429906542055 0.04357009345794392
0 0.3162242990654206 0.24530841121495328 0.046822429906542055 0.04357009345794392
0 0.43406542056074765 0.32801869158878505 0.046822429906542055 0.04357009345794392
0 0.23000934579439253 0.41377570093457944 0.046822429906542055 0.04357009345794392
0 0.1652429906542056 0.604177570093458 0.046822429906542055 0.04357009345794392
0 0.41957943925233643 0.4617757009345795 0.046822429906542055 0.04357009345794392
0 0.476803738317757 0.4107289719626168 0.046822429906542055 0.04357009345794392
0 0.5405327102803739 0.5635514018691589 0.046822429906542055 0.04357009345794392
0 0.717411214953271 0.3567570093457944 0.046822429906542055 0.04357009345794392
0 0.3355140186915888 0.7720654205607477 0.046822429906542055 0.04357009345794392
1 0.33369158878504673 0.2581308411214953 0.6673831775700935 0.5162616822429906
1 0.4000981308411215 0.41381775700934575 0.800196261682243 0.6702897196261682
1 0.5671869158878504 0.5218831775700934 0.7928785046728971 0.670177570093458
2 0.5 0.5 1.0 1.0
