0 0.1539252336448598 0.28457009345794393 0.06285981308411215 0.055869158878504674
0 0.6264205607476635 0.12599065420560748 0.06285981308411215 0.055869158878504674
0 0.7154112149532711 0.3541495327102804 0.06285981308411215 0.055869158878504674
0 0.7024672897196261 0.5790654205607477 0.06285981308411215 0.055869158878504674
0 0.6765794392523365 0.7376448598130841 0.06285981308411215 0.055869158878504674
0 0.4387102803738318 0.5839158878504672 0.06285981308411215 0.055869158878504674
0 0.4532803738317757 0.6599719626168223 0.06285981308411215 0.055869158878504674
0 0.5956728971962617 0.4722710280373832 0.06285981308411215 0.055869158878504674
0 0.5762523364485982 0.8331121495327103 0.06285981308411215 0.055869158878504674
0 0.6895233644859813 0.9158317757009347 0.06285981308411215 0.055869158878504674
1 0.27242990654205607 0.5308411214953271 0.4177570093457944 0.8859813084112149
1 0.6406542056074767 0.497196261682243 0.3018691588785047 0.9551401869158879
2 0.46822429906542057 0.4873831775700935 0.9364485981308411 0.974766355140187
