0 0.3282092365692743 0.5185202639019793 0.052441093308199814 0.05338360037700283
0 0.4958246936852027 0.5339679547596606 0.052441093308199814 0.05338360037700283
0 0.30573044297832236 0.4075589066918002 0.052441093308199814 0.05338360037700283
0 0.11377002827521206 0.4019415645617342 0.052441093308199814 0.05338360037700283
0 0.10440150801131008 0.30080113100848255 0.052441093308199814 0.05338360037700283
0 0.43589066918001884 0.35699340245051836 0.052441093308199814 0.05338360037700283
0 0.6138171536286522 0.3766540999057493 0.052441093308199814 0.05338360037700283
0 0.5875966069745524 0.4908953817153629 0.052441093308199814 0.05338360037700283
0 0.651272384542884 0.5264844486333647 0.052441093308199814 0.05338360037700283
0 0.4930160226201697 0.6538360037700283 0.052441093308199814 0.05338360037700283
1 0.4437229029217719 0.564057492931197 0.8874458058435438 0.684382657869934
1 0.522474081055608 0.33893025447690855 0.9273044297832234 0.6695475966069745
2 0.5 0.501885014137606 1.0 0.9962299717247879
