0 0.075 0.6213831775700934 0.07551401869158879 0.07314018691588786
0 0.4788878504672897 0.3398317757009346 0.07551401869158879 0.07314018691588786
0 0.12354205607476636 0.28157943925233647 0.07551401869158879 0.07314018691588786
0 0.16820560747663552 0.5301214953271028 0.07551401869158879 0.07314018691588786
0 0.28858878504672897 0.2971121495327103 0.07551401869158879 0.07314018691588786
0 0.6245140186915888 0.37672897196261684 0.07551401869158879 0.07314018691588786
0 0.9060654205607477 0.40585046728971963 0.07551401869158879 0.07314018691588786
0 0.3759719626168225 0.6641028037383178 0.07551401869158879 0.07314018691588786
0 0.7371401869158879 0.561196261682243 0.07551401869158879 0.07314018691588786
0 0.7817943925233645 0.31071028037383175 0.07551401869158879 0.07314018691588786
1 0.5010934579439252 0.6169579439252336 0.9978130841121496 0.5060841121495327
1 0.5001214953271028 0.26992990654205606 0.9997570093457944 0.36752336448598133
2 0.5001214953271028 0.49855607476635516 0.9997570093457944 0.9971121495327103
