0 0.8151282051282052 0.3696239316239316 0.05415384615384616 0.0532991452991453
0 0.914965811965812 0.5087948717948718 0.05415384615384616 0.0532991452991453
0 0.9327350427350427 0.41657264957264956 0.05415384615384616 0.0532991452991453
0 0.568076923076923 0.5020256410256411 0.05415384615384616 0.0532991452991453
0 0.3954871794871795 0.5037179487179487 0.05415384615384616 0.0532991452991453
0 0.5427008547008547 0.34804273504273503 0.05415384615384616 0.0532991452991453
0 0.18253846153846154 0.26284615384615384 0.05415384615384616 0.0532991452991453
0 0.42083760683760685 0.2979316239316239 0.05415384615384616 0.0532991452991453
0 0.6898461538461539 0.5377008547008547 0.05415384615384616 0.0532991452991453
0 0.5085555555555555 0.7029059829059829 0.05415384615384616 0.0532991452991453
1 0.4070641025641025 0.5732393162393162 0.7207264957264957 0.8535213675213675
1 0.6306025641025642 0.4969658119658119 0.7387948717948718 0.8964444444444444
1 0.7333547008547008 0.3031196581196581 0.5332905982905983 0.6062393162393162
2 0.5064102564102564 0.5 0.9871794871794872 1.0
