0 0.4453683241252302 0.41822283609576427 0.04948434622467772 0.049521178637200736
0 0.3946500920810313 0.560414364640884 0.04948434622467772 0.049521178637200736
0 0.5456261510128912 0.27443830570902394 0.04948434622467772 0.049521178637200736
0 0.7141804788213628 0.3151749539594843 0.04948434622467772 0.049521178637200736
0 0.6063351749539595 0.11147329650092082 0.04948434622467772 0.049521178637200736
0 0.5136464088397791 0.6615837937384899 0.04948434622467772 0.049521178637200736
0 0.5888674033149172 0.6675782688766114 0.04948434622467772 0.049521178637200736
0 0.7902854511970534 0.15904235727440147 0.04948434622467772 0.049521178637200736
0 0.8270902394106814 0.22691528545119705 0.04948434622467772 0.049521178637200736
0 0.5671178637200737 0.3580478821362799 0.04948434622467772 0.049521178637200736
1 0.353609576427256 0.30419429097605893 0.4360220994475138 0.6083885819521179
1 0.5409530386740332 0.34589318600368324 0.3998066298342542 0.6917863720073665
1 0.6988029465930018 0.3961510128913444 0.31058931860036826 0.7293001841620625
2 0.44751381215469616 0.5 0.8950276243093923 1.0
