0 0.23814529914529914 0.8278290598290597 0.055230769230769236 0.04876923076923077
0 0.4229316239316239 0.8485555555555555 0.055230769230769236 0.04876923076923077
0 0.18434188034188034 0.540931623931624 0.055230769230769236 0.04876923076923077
0 0.5731880341880342 0.6658034188034188 0.055230769230769236 0.04876923076923077
0 0.8259914529914529 0.6475299145299146 0.055230769230769236 0.04876923076923077
0 0.6107606837606838 0.5977863247863248 0.055230769230769236 0.04876923076923077
0 0.26150427350427347 0.6251965811965812 0.055230769230769236 0.04876923076923077
0 0.10515384615384615 0.8932307692307692 0.055230769230769236 0.04876923076923077
0 0.48152136752136754 0.43630769230769234 0.055230769230769236 0.04876923076923077
0 0.8104700854700855 0.4972307692307692 0.055230769230769236 0.04876923076923077
1 0.5003632478632478 0.8479529914529915 0.9783162393162395 0.30409401709401707
1 0.5147820512820513 0.6420982905982906 0.9472393162393162 0.3705726495726495
1 0.5772222222222222 0.46290170940170944 0.8264273504273504 0.3228632478632479
2 0.4931623931623932 0.6072649572649572 0.9863247863247864 0.7854700854700855
