0 0.6104672897196262 0.7974018691588786 0.05394392523364486 0.05394392523364486
0 0.31717757009345793 0.8637009345794392 0.05394392523364486 0.05394392523364486
0 0.484607476635514 0.6266074766355141 0.05394392523364486 0.05394392523364486
0 0.1890747663551402 0.7288598130841122 0.05394392523364486 0.05394392523364486
0 0.11603738317757009 0.6895327102803738 0.05394392523364486 0.05394392523364486
0 0.39134579439252337 0.5794112149532711 0.05394392523364486 0.05394392523364486
0 0.4666355140186916 0.4254579439252337 0.05394392523364486 0.05394392523364486
0 0.8722897196261682 0.7311028037383177 0.05394392523364486 0.05394392523364486
0 0.5745046728971963 0.7344766355140186 0.05394392523364486 0.05394392523364486
0 0.6497943925233645 0.5232242990654206 0.05394392523364486 0.05394392523364486
1 0.5012943925233645 0.6749252336448598 0.997411214953271 0.24766355140186916
1 0.4973644859813084 0.4479345794392523 0.9947289719626168 0.22336448598130837
1 0.5024205607476636 0.2670186915887851 0.9951588785046729 0.15345794392523363
2 0.4998971962616822 0.5752242990654206 0.9997943925233644 0.8456448598130842
