0 0.5785128205128205 0.5976923076923076 0.04105982905982906 0.04382905982905983
0 0.4842136752136752 0.4718974358974359 0.04105982905982906 0.04382905982905983
0 0.43532478632478633 0.6032222222222222 0.04105982905982906 0.04382905982905983
0 0.32411965811965815 0.48147863247863254 0.04105982905982906 0.04382905982905983
0 0.3116581196581196 0.38945299145299145 0.04105982905982906 0.04382905982905983
0 0.4362820512820513 0.35494871794871796 0.04105982905982906 0.04382905982905983
0 0.41327350427350423 0.45080341880341884 0.04105982905982906 0.04382905982905983
0 0.790965811965812 0.46997435897435896 0.04105982905982906 0.04382905982905983
0 0.7248205128205127 0.7412649572649572 0.04105982905982906 0.04382905982905983
0 0.6579401709401709 0.5034444444444445 0.04105982905982906 0.04382905982905983
1 0.8521367521367521 0.5008547008547009 0.29572649572649573 0.9982905982905983
1 0.7000726495726496 0.49682478632478627 0.3376324786324786 0.9936495726495725
1 0.5105512820512821 0.4972777777777777 0.33763247863247864 0.9936495726495725
1 0.2915170940170941 0.5004102564102564 0.33763247863247864 0.9952478632478633
2 0.5 0.5 1.0 1.0
