0 0.5040093457943925 0.5637102803738318 0.05639252336448598 0.057532710280373836
0 0.4506261682242991 0.6049158878504672 0.05639252336448598 0.057532710280373836
0 0.3551121495327103 0.49442056074766355 0.05639252336448598 0.057532710280373836
0 0.5704953271028037 0.3249252336448598 0.05639252336448598 0.057532710280373836
0 0.7830560747663552 0.5852523364485982 0.05639252336448598 0.057532710280373836
0 0.7785607476635513 0.8644859813084113 0.05639252336448598 0.057532710280373836
0 0.9345887850467289 0.4983271028037384 0.05639252336448598 0.057532710280373836
0 0.9280280373831776 0.6902897196261683 0.05639252336448598 0.057532710280373836
0 0.8381401869158878 0.6715607476635514 0.05639252336448598 0.057532710280373836
0 0.8184672897196261 0.3906355140186916 0.05639252336448598 0.057532710280373836
1 0.6353084112149533 0.39422429906542056 0.7293831775700935 0.335233644859813
1 0.6086214953271029 0.5963598130841121 0.7827570093457944 0.3256168224299065
1 0.5929345794392524 0.7927663551401869 0.8141308411214954 0.4144672897196262
2 0.5906542056074766 0.5714953271028037 0.8186915887850468 0.8570093457943925
