0 0.38056410256410256 0.5726923076923076 0.05430769230769231 0.06273504273504274
0 0.5210256410256411 0.7454615384615385 0.05430769230769231 0.06273504273504274
0 0.7401452991452991 0.6016324786324786 0.05430769230769231 0.06273504273504274
0 0.13335042735042735 0.5038717948717949 0.05430769230769231 0.06273504273504274
0 0.27043589743589747 0.4791452991452992 0.05430769230769231 0.06273504273504274
0 0.5603504273504274 0.44318803418803415 0.05430769230769231 0.06273504273504274
0 0.48759829059829063 0.24835897435897433 0.05430769230769231 0.06273504273504274
0 0.620905982905983 0.2659145299145299 0.05430769230769231 0.06273504273504274
0 0.14582905982905983 0.5787008547008547 0.05430769230769231 0.06273504273504274
0 0.705051282051282 0.7045299145299145 0.05430769230769231 0.06273504273504274
1 0.5307692307692308 0.5021367521367521 0.28376068376068375 0.9957264957264957
1 0.1358974358974359 0.5 0.18974358974358974 1.0
