0 0.22994871794871796 0.5220940170940171 0.041623931623931625 0.044222222222222225
0 0.5635470085470086 0.5923247863247864 0.041623931623931625 0.044222222222222225
0 0.3925213675213675 0.46811965811965817 0.041623931623931625 0.044222222222222225
0 0.72091452991453 0.4577094017094017 0.041623931623931625 0.044222222222222225
0 0.705957264957265 0.6241880341880341 0.041623931623931625 0.044222222222222225
0 0.5069316239316239 0.33463247863247864 0.041623931623931625 0.044222222222222225
0 0.7557008547008547 0.4067777777777778 0.041623931623931625 0.044222222222222225
0 0.480957264957265 0.46476068376068375 0.041623931623931625 0.044222222222222225
0 0.4218888888888889 0.5444188034188034 0.041623931623931625 0.044222222222222225
0 0.6712991452991453 0.7204615384615385 0.041623931623931625 0.044222222222222225
1 0.4468803418803419 0.6575769230769231 0.8352820512820512 0.4682136752136752
1 0.5827435897435898 0.4859273504273504 0.7668888888888888 0.3824871794871795
1 0.6134188034188035 0.2927692307692307 0.7323760683760685 0.34317948717948715
2 0.4935897435897436 0.4948717948717949 0.9871794871794872 0.9247863247863248
