0 0.39298290598290603 0.7755897435897436 0.05798290598290599 0.0498974358974359
0 0.3033162393162393 0.5497264957264957 0.05798290598290599 0.0498974358974359
0 0.10509401709401708 0.5996153846153846 0.05798290598290599 0.0498974358974359
0 0.21027350427350427 0.6724358974358975 0.05798290598290599 0.0498974358974359
0 0.5231111111111111 0.5362393162393162 0.05798290598290599 0.0498974358974359
0 0.5824444444444444 0.7263675213675214 0.05798290598290599 0.0498974358974359
0 0.8534786324786325 0.7816581196581196 0.05798290598290599 0.0498974358974359
0 0.23184615384615384 0.4189230769230769 0.05798290598290599 0.0498974358974359
0 0.1104871794871795 0.3515042735042735 0.05798290598290599 0.0498974358974359
0 0.7631367521367521 0.35420512820512823 0.05798290598290599 0.0498974358974359
1 0.5 0.67008547008547 1.0 0.18461538461538463
1 0.5 0.40213675213675215 1.0 0.19914529914529913
2 0.5 0.6217948717948718 1.0 0.7564102564102564
