0 0.31057009345794395 0.3149813084112149 0.06386915887850468 0.0616822429906542
0 0.7668878504672898 0.48531775700934576 0.06386915887850468 0.0616822429906542
0 0.7569719626168224 0.33333644859813083 0.06386915887850468 0.0616822429906542
0 0.7503644859813084 0.29662616822429905 0.06386915887850468 0.0616822429906542
0 0.8237943925233645 0.760644859813084 0.06386915887850468 0.0616822429906542
0 0.7709252336448598 0.809841121495327 0.06386915887850468 0.0616822429906542
0 0.772392523364486 0.7232056074766355 0.06386915887850468 0.0616822429906542
0 0.22393457943925235 0.7621121495327103 0.06386915887850468 0.0616822429906542
0 0.22393457943925235 0.805429906542056 0.06386915887850468 0.0616822429906542
0 0.3913364485981309 0.49706542056074765 0.06386915887850468 0.0616822429906542
0 0.2665233644859813 0.09030841121495327 0.06386915887850468 0.0616822429906542
2 0.5003785046728971 0.5003878504672898 0.9992429906542056 0.9963271028037383
1 0.30361682242990656 0.49782242990654213 0.2826728971962617 0.9897196261682243
1 0.824911214953271 0.49855607476635516 0.27972897196261676 0.9882523364485982
