0 0.21255140186915888 0.31571028037383175 0.1094018691588785 0.10792523364485981
0 0.5715887850467289 0.6174766355140188 0.1094018691588785 0.10792523364485981
0 0.47760747663551406 0.7371495327102804 0.1094018691588785 0.10792523364485981
0 0.3784859813084112 0.20998130841121496 0.1094018691588785 0.10792523364485981
0 0.3615981308411215 0.5521308411214954 0.1094018691588785 0.10792523364485981
0 0.5774579439252336 0.841411214953271 0.1094018691588785 0.10792523364485981
0 0.46439252336448594 0.5088130841121495 0.1094018691588785 0.10792523364485981
0 0.4981682242990654 0.19089719626168222 0.1094018691588785 0.10792523364485981
0 0.5781962616822429 0.28267289719626165 0.1094018691588785 0.10792523364485981
0 0.4849439252336448 0.3560934579439252 0.1094018691588785 0.10792523364485981
0 0.5238598130841121 0.6806168224299065 0.1094018691588785 0.10792523364485981
0 0.5840654205607477 0.223196261682243 0.1094018691588785 0.10792523364485981
0 0.46035514018691587 0.10535514018691589 0.1094018691588785 0.10792523364485981
2 0.5005420560747664 0.49962616822429906 0.9989158878504673 0.9992523364485981
1 0.5187009345794392 0.5304532710280373 0.42437383177570087 0.9331869158878503
