0 0.428411214953271 0.2220934579439252 0.08222429906542056 0.07710280373831775
0 0.4350186915887851 0.640233644859813 0.08222429906542056 0.07710280373831775
0 0.4504392523364486 0.6997102803738319 0.08222429906542056 0.07710280373831775
0 0.4592523364485981 0.3737196261682243 0.08222429906542056 0.07710280373831775
0 0.4269439252336448 0.2745981308411215 0.08222429906542056 0.07710280373831775
0 0.8403084112149533 0.6123364485981309 0.08222429906542056 0.07710280373831775
0 0.9115233644859814 0.7048411214953271 0.08222429906542056 0.07710280373831775
0 0.14647663551401868 0.3656355140186916 0.08222429906542056 0.07710280373831775
0 0.13986915887850468 0.5440560747663551 0.08222429906542056 0.07710280373831775
0 0.1405981308411215 0.5022056074766356 0.08222429906542056 0.07710280373831775
2 0.5001728971962617 0.49961682242990657 0.9996542056074768 0.9977943925233645
1 0.51246261682243 0.49961682242990646 0.42804672897196266 0.9948598130841122
