0 0.44383177570093457 0.4276822429906542 0.08076635514018692 0.08442990654205608
0 0.580392523364486 0.5161495327102803 0.08076635514018692 0.08442990654205608
0 0.5084392523364486 0.5132149532710281 0.08076635514018692 0.08442990654205608
0 0.44162616822429906 0.564607476635514 0.08076635514018692 0.08442990654205608
0 0.42327102803738315 0.12775700934579437 0.08076635514018692 0.08442990654205608
0 0.5084392523364486 0.3773831775700935 0.08076635514018692 0.08442990654205608
0 0.5297383177570094 0.8480186915887851 0.08076635514018692 0.08442990654205608
0 0.5297383177570094 0.8480186915887851 0.08076635514018692 0.08442990654205608
0 0.4893551401869159 0.11673831775700934 0.08076635514018692 0.08442990654205608
0 0.428411214953271 0.17694392523364488 0.08076635514018692 0.08442990654205608
0 0.5796635514018692 0.46182242990654204 0.08076635514018692 0.08442990654205608
1 0.5187009345794392 0.48015887850467287 0.35095327102803736 0.8634392523364486
2 0.5009065420560748 0.49927570093457946 0.9981869158878505 0.9911308411214953
