0 0.4754018691588785 0.3678411214953271 0.07708411214953272 0.08222429906542056
0 0.12481308411214954 0.3693084112149533 0.07708411214953272 0.08222429906542056
0 0.510644859813084 0.948607476635514 0.07708411214953272 0.08222429906542056
0 0.5018317757009346 0.6908971962616822 0.07708411214953272 0.08222429906542056
0 0.584803738317757 0.3986822429906542 0.07708411214953272 0.08222429906542056
0 0.5209252336448598 0.09398130841121495 0.07708411214953272 0.08222429906542056
0 0.1714392523364486 0.08076635514018692 0.07708411214953272 0.08222429906542056
0 0.23164485981308414 0.8076355140186916 0.07708411214953272 0.08222429906542056
0 0.5877383177570094 0.14316822429906542 0.07708411214953272 0.08222429906542056
0 0.23090654205607475 0.5242242990654206 0.07708411214953272 0.08222429906542056
0 0.23898130841121495 0.8832616822429907 0.07708411214953272 0.08222429906542056
0 0.8953738317757008 0.12041121495327103 0.07708411214953272 0.08222429906542056
0 0.12004672897196261 0.859766355140187 0.07708411214953272 0.08222429906542056
0 0.22062616822429906 0.14537383177570096 0.07708411214953272 0.08222429906542056
1 0.8755327102803738 0.49704205607476626 0.24669158878504666 0.9911869158878505
1 0.5091588785046729 0.5003504672897197 0.26138317757009344 0.9978037383177571
1 0.1446214953271028 0.5014532710280375 0.2621214953271028 0.9955981308411215
2 0.5 0.4992570093457944 1.0 0.9985140186915888
