0 0.49522429906542054 0.19383177570093457 0.05506542056074767 0.058
0 0.4243738317757009 0.44162616822429906 0.05506542056074767 0.058
0 0.6435420560747663 0.09617757009345794 0.05506542056074767 0.058
0 0.3770186915887851 0.5088130841121495 0.05506542056074767 0.058
0 0.3858317757009346 0.5881028037383177 0.05506542056074767 0.058
0 0.4350186915887851 0.5829626168224299 0.05506542056074767 0.058
0 0.4313457943925234 0.3693084112149533 0.05506542056074767 0.058
0 0.4386915887850467 0.3340654205607477 0.05506542056074767 0.058
0 0.6442710280373832 0.4383271028037383 0.05506542056074767 0.058
0 0.564981308411215 0.2841401869158878 0.05506542056074767 0.058
2 0.5001728971962617 0.4992476635514018 0.9996542056074768 0.997056074766355
1 0.504018691588785 0.49961682242990646 0.44786915887850465 0.9948598130841122
