0 0.2676168224299066 0.3608691588785047 0.04551401869158879 0.046261682242990654
0 0.26542056074766357 0.4140934579439252 0.04551401869158879 0.046261682242990654
0 0.2602803738317757 0.31057009345794395 0.04551401869158879 0.046261682242990654
0 0.21842990654205607 0.30984112149532705 0.04551401869158879 0.046261682242990654
0 0.23751401869158878 0.6277570093457945 0.04551401869158879 0.046261682242990654
0 0.2507383177570094 0.6828224299065421 0.04551401869158879 0.046261682242990654
0 0.2522056074766355 0.7635794392523364 0.04551401869158879 0.046261682242990654
0 0.25 0.7900093457943925 0.04551401869158879 0.046261682242990654
0 0.7037476635514018 0.8215887850467289 0.04551401869158879 0.046261682242990654
0 0.6119626168224299 0.8068971962616822 0.04551401869158879 0.046261682242990654
0 0.6332616822429907 0.4691588785046729 0.04551401869158879 0.046261682242990654
0 0.6200467289719627 0.7055794392523365 0.04551401869158879 0.046261682242990654
0 0.6193084112149533 0.5205607476635514 0.04551401869158879 0.046261682242990654
0 0.7066822429906542 0.7459626168224298 0.04551401869158879 0.046261682242990654
1 0.1525233644859813 0.4992476635514018 0.3050467289719626 0.997056074766355
2 0.5001728971962617 0.49961682242990657 0.9996542056074768 0.9977943925233645
1 0.48970560747663555 0.5014532710280375 0.3619719626168224 0.9955981308411215
1 0.8191915887850468 0.49851401869158873 0.3616168224299065 0.995588785046729
