0 0.14353271028037384 0.3597663551401869 0.05727102803738318 0.05727102803738318
0 0.6024205607476636 0.450803738317757 0.05727102803738318 0.05727102803738318
0 0.7580747663551402 0.35095327102803736 0.05727102803738318 0.05727102803738318
0 0.21255140186915888 0.5822336448598131 0.05727102803738318 0.05727102803738318
0 0.17290654205607475 0.5925140186915888 0.05727102803738318 0.05727102803738318
0 0.22797196261682243 0.47723364485981307 0.05727102803738318 0.05727102803738318
0 0.4049158878504673 0.3230560747663552 0.05727102803738318 0.05727102803738318
0 0.4071214953271028 0.3905981308411215 0.05727102803738318 0.05727102803738318
0 0.5884766355140186 0.3773831775700935 0.05727102803738318 0.05727102803738318
0 0.12591588785046728 0.7767943925233645 0.05727102803738318 0.05727102803738318
0 0.12518691588785047 0.2665233644859813 0.05727102803738318 0.05727102803738318
0 0.39537383177570096 0.2496355140186916 0.05727102803738318 0.05727102803738318
0 0.39537383177570096 0.2496355140186916 0.05727102803738318 0.05727102803738318
0 0.7536728971962616 0.23347663551401868 0.05727102803738318 0.05727102803738318
1 0.24007009345794392 0.49998130841121485 0.47797196261682245 0.9853084112149533
2 0.4996121495327102 0.49962616822429906 0.9985327102803739 0.9992523364485981
1 0.7213457943925234 0.49924766355140193 0.5521308411214954 0.9911869158878505
