0 0.5069719626168224 0.7195327102803738 0.08442990654205608 0.08442990654205608
0 0.479803738317757 0.7716542056074766 0.08442990654205608 0.08442990654205608
0 0.5994859813084112 0.8979439252336449 0.08442990654205608 0.08442990654205608
0 0.6038878504672897 0.8201214953271028 0.08442990654205608 0.08442990654205608
0 0.5348785046728972 0.665196261682243 0.08442990654205608 0.08442990654205608
0 0.5591028037383178 0.6108691588785047 0.08442990654205608 0.08442990654205608
0 0.6633644859813084 0.7577102803738318 0.08442990654205608 0.08442990654205608
0 0.6472056074766355 0.5535981308411215 0.08442990654205608 0.08442990654205608
0 0.551392523364486 0.3035981308411215 0.08442990654205608 0.08442990654205608
0 0.5671775700934579 0.5602056074766355 0.08442990654205608 0.08442990654205608
0 0.5502897196261681 0.3560934579439252 0.08442990654205608 0.08442990654205608
1 0.8465327102803738 0.4963084112149532 0.2988224299065422 0.986785046728972
1 0.1310373831775701 0.49704672897196256 0.26138317757009344 0.9897196261682243
1 0.5069579439252337 0.49741121495327095 0.42877570093457945 0.9889906542056075
2 0.5 0.4992476635514018 1.0 0.9955981308411215
