0 0.12261682242990653 0.48531775700934576 0.09177570093457944 0.08517757009345794
0 0.7184299065420561 0.3605046728971963 0.09177570093457944 0.08517757009345794
0 0.6372990654205607 0.5543271028037383 0.09177570093457944 0.08517757009345794
0 0.6997102803738319 0.6152710280373832 0.09177570093457944 0.08517757009345794
0 0.5778317757009346 0.8803271028037384 0.09177570093457944 0.08517757009345794
0 0.334803738317757 0.8538878504672897 0.09177570093457944 0.08517757009345794
0 0.34067289719626165 0.4889906542056075 0.09177570093457944 0.08517757009345794
0 0.17473831775700935 0.5572710280373832 0.09177570093457944 0.08517757009345794
0 0.34801869158878507 0.5469906542056074 0.09177570093457944 0.08517757009345794
0 0.33920560747663553 0.6094018691588785 0.09177570093457944 0.08517757009345794
1 0.25773364485981304 0.49378037383177575 0.3759158878504673 0.9860467289719628
1 0.7254252336448598 0.4974485981308411 0.3891308411214953 0.9816448598130842
2 0.5007570093457945 0.5000233644859813 0.9970654205607475 0.992663551401869
