0 0.2812056074766355 0.10058878504672897 0.11820560747663551 0.11454205607476636
0 0.3318691588785047 0.5080747663551402 0.11820560747663551 0.11454205607476636
0 0.6115981308411215 0.4706355140186916 0.11820560747663551 0.11454205607476636
0 0.5253271028037383 0.3759158878504673 0.11820560747663551 0.11454205607476636
0 0.16666355140186917 0.34141121495327104 0.11820560747663551 0.11454205607476636
0 0.564607476635514 0.09985046728971964 0.11820560747663551 0.11454205607476636
0 0.5146822429906542 0.6145327102803738 0.11820560747663551 0.11454205607476636
0 0.321588785046729 0.6483084112149533 0.11820560747663551 0.11454205607476636
0 0.6923644859813084 0.5726915887850467 0.11820560747663551 0.11454205607476636
0 0.7019065420560747 0.4897196261682243 0.11820560747663551 0.11454205607476636
0 0.2511028037383178 0.42511214953271026 0.11820560747663551 0.11454205607476636
0 0.690158878504673 0.3502242990654206 0.11820560747663551 0.11454205607476636
2 0.5007476635514019 0.5003925233644859 0.9985046728971964 0.9977943925233645
1 0.6453971962616822 0.49782242990654213 0.41410280373831776 0.9897196261682243
1 0.2547943925233645 0.5000233644859813 0.411158878504673 0.9970560747663553
