0 0.41300000000000003 0.2936822429906542 0.11160747663551401 0.11160747663551401
0 0.45117757009345794 0.4412616822429906 0.11160747663551401 0.11160747663551401
0 0.5855327102803738 0.6064579439252337 0.11160747663551401 0.11160747663551401
0 0.6736355140186916 0.2907476635514019 0.11160747663551401 0.11160747663551401
0 0.6736355140186916 0.5888411214953271 0.11160747663551401 0.11160747663551401
0 0.45557943925233646 0.8127757009345794 0.11160747663551401 0.11160747663551401
0 0.4144672897196262 0.6571214953271028 0.11160747663551401 0.11160747663551401
0 0.31387850467289724 0.3054299065420561 0.11160747663551401 0.11160747663551401
0 0.6949345794392524 0.727607476635514 0.11160747663551401 0.11160747663551401
0 0.3160747663551402 0.6776822429906542 0.11160747663551401 0.11160747663551401
2 0.49980841121495323 0.4992476635514018 0.9996168224299065 0.997056074766355
1 0.49814953271028034 0.49741121495327106 0.5389158878504674 0.9875140186915886
