0 0.1567570093457944 0.20374766355140186 0.07635514018691589 0.07414953271028038
0 0.20888785046728972 0.48164485981308414 0.07635514018691589 0.07414953271028038
0 0.7536728971962616 0.3223177570093458 0.07635514018691589 0.07414953271028038
0 0.7624859813084113 0.5888411214953271 0.07635514018691589 0.07414953271028038
0 0.8079999999999999 0.7599158878504673 0.07635514018691589 0.07414953271028038
0 0.2522056074766355 0.38545794392523364 0.07635514018691589 0.07414953271028038
0 0.30946728971962617 0.2914859813084112 0.07635514018691589 0.07414953271028038
0 0.6971401869158879 0.17033644859813082 0.07635514018691589 0.07414953271028038
0 0.8102056074766355 0.48825233644859806 0.07635514018691589 0.07414953271028038
2 0.5003504672897197 0.5091588785046729 0.9955981308411215 0.977233644859813
1 0.24447196261682247 0.5120981308411215 0.3208504672897196 0.9743084112149533
1 0.7452102803738317 0.5076915887850467 0.3369999999999999 0.9728411214953272
