0 0.5348785046728972 0.8318598130841122 0.09839252336448598 0.10426168224299065
0 0.41445794392523366 0.5205514018691589 0.09839252336448598 0.10426168224299065
0 0.4724672897196262 0.2569719626168224 0.09839252336448598 0.10426168224299065
0 0.5436822429906543 0.3575607476635514 0.09839252336448598 0.10426168224299065
0 0.6567570093457944 0.5528598130841121 0.09839252336448598 0.10426168224299065
0 0.4144672897196262 0.9317196261682243 0.09839252336448598 0.10426168224299065
0 0.6031588785046729 0.09691588785046729 0.09839252336448598 0.10426168224299065
0 0.42620560747663555 0.12701869158878504 0.09839252336448598 0.10426168224299065
0 0.4548411214953271 0.7187943925233645 0.09839252336448598 0.10426168224299065
0 0.6567570093457944 0.937588785046729 0.09839252336448598 0.10426168224299065
2 0.49998130841121496 0.5095280373831776 0.9963364485981308 0.9779719626168225
1 0.4948411214953271 0.5109953271028037 0.4471401869158879 0.9735607476635513
