0 0.37555140186915886 0.23200934579439253 0.09325233644859814 0.08663551401869159
0 0.39354205607476633 0.3311308411214953 0.09325233644859814 0.08663551401869159
0 0.42511214953271026 0.694570093457944 0.09325233644859814 0.08663551401869159
0 0.3964766355140187 0.8010280373831776 0.09325233644859814 0.08663551401869159
0 0.4706355140186916 0.8751869158878505 0.09325233644859814 0.08663551401869159
0 0.6380373831775701 0.6196728971962616 0.09325233644859814 0.08663551401869159
0 0.6160093457943925 0.7371495327102804 0.09325233644859814 0.08663551401869159
0 0.7327476635514019 0.8267289719626169 0.09325233644859814 0.08663551401869159
0 0.6527196261682243 0.8355327102803738 0.09325233644859814 0.08663551401869159
0 0.4750373831775701 0.3678411214953271 0.09325233644859814 0.08663551401869159
0 0.6997102803738319 0.25477570093457946 0.09325233644859814 0.08663551401869159
0 0.7254018691588785 0.15125233644859815 0.09325233644859814 0.08663551401869159
0 0.4581495327102804 0.1094018691588785 0.09325233644859814 0.08663551401869159
0 0.4464018691588785 0.21732710280373832 0.09325233644859814 0.08663551401869159
0 0.37444859813084114 0.11233644859813084 0.09325233644859814 0.08663551401869159
1 0.545177570093458 0.48864485981308414 0.5778317757009346 0.9684299065420561
2 0.5007476635514019 0.5000233644859814 0.9985046728971964 0.9955981308411215
