0 0.8032336448598131 0.35169158878504675 0.08663551401869159 0.08590654205607477
0 0.7305420560747663 0.8825233644859812 0.08663551401869159 0.08590654205607477
0 0.669607476635514 0.562411214953271 0.08663551401869159 0.08590654205607477
0 0.6615233644859814 0.4897196261682243 0.08663551401869159 0.08590654205607477
0 0.08884112149532711 0.9552149532710281 0.08663551401869159 0.08590654205607477
0 0.25771028037383176 0.9287850467289719 0.08663551401869159 0.08590654205607477
0 0.8524205607476636 0.5301028037383178 0.08663551401869159 0.08590654205607477
0 0.26945794392523365 0.5102803738317757 0.08663551401869159 0.08590654205607477
0 0.09030841121495327 0.5484579439252336 0.08663551401869159 0.08590654205607477
0 0.19457009345794393 0.5550654205607476 0.08663551401869159 0.08590654205607477
0 0.1901588785046729 0.42254205607476636 0.08663551401869159 0.08590654205607477
1 0.20633644859813083 0.49562149532710276 0.334803738317757 0.9882523364485982
2 0.5000233644859813 0.5000233644859813 0.9985327102803739 0.9985327102803739
1 0.776088785046729 0.5029626168224299 0.4434672897196263 0.9897196261682243
