0 0.5055046728971962 0.24228971962616822 0.06755140186915888 0.06755140186915888
0 0.31534579439252336 0.34141121495327104 0.06755140186915888 0.06755140186915888
0 0.3314953271028037 0.6835514018691589 0.06755140186915888 0.06755140186915888
0 0.32488785046728974 0.6519813084112149 0.06755140186915888 0.06755140186915888
0 0.7382523364485981 0.28634579439252333 0.06755140186915888 0.06755140186915888
0 0.7169626168224299 0.3230560747663552 0.06755140186915888 0.06755140186915888
0 0.707411214953271 0.47357009345794393 0.06755140186915888 0.06755140186915888
0 0.7492616822429907 0.4074859813084112 0.06755140186915888 0.06755140186915888
0 0.7661495327102803 0.04331775700934579 0.06755140186915888 0.06755140186915888
0 0.7676168224299066 0.08076635514018692 0.06755140186915888 0.06755140186915888
0 0.3917009345794393 0.4383271028037383 0.06755140186915888 0.06755140186915888
0 0.9041869158878505 0.7731308411214953 0.06755140186915888 0.06755140186915888
0 0.8682056074766356 0.4449345794392523 0.06755140186915888 0.06755140186915888
2 0.4996121495327102 0.4999859813084112 0.9985327102803739 0.9985327102803739
1 0.22355140186915887 0.49961682242990657 0.31717757009345793 0.9904485981308411
1 0.8098224299065421 0.5029205607476636 0.32525233644859813 0.9911869158878506
