0 0.5367102803738317 0.4963271028037384 0.09325233644859814 0.08222429906542056
0 0.43098130841121496 0.6732710280373831 0.09325233644859814 0.08222429906542056
0 0.43318691588785047 0.7290747663551402 0.09325233644859814 0.08222429906542056
0 0.4478691588785047 0.7848785046728972 0.09325233644859814 0.08222429906542056
0 0.872981308411215 0.22833644859813085 0.09325233644859814 0.08222429906542056
0 0.6130654205607476 0.6130654205607476 0.09325233644859814 0.08222429906542056
0 0.4801775700934579 0.841411214953271 0.09325233644859814 0.08222429906542056
0 0.5095420560747664 0.8744485981308411 0.09325233644859814 0.08222429906542056
0 0.5565327102803739 0.9192336448598131 0.09325233644859814 0.08222429906542056
0 0.4078598130841122 0.2437570093457944 0.09325233644859814 0.08222429906542056
0 0.40822429906542057 0.2907476635514019 0.09325233644859814 0.08222429906542056
0 0.4295140186915888 0.35388785046728977 0.09325233644859814 0.08222429906542056
1 0.5125046728971963 0.4978177570093459 0.4625607476635514 0.9882523364485982
2 0.5003925233644859 0.5000233644859814 0.9977943925233645 0.9955981308411215
