0 0.10279439252336448 0.20376635514018693 0.0514018691588785 0.050710280373831775
0 0.13656074766355142 0.23347663551401868 0.0514018691588785 0.050710280373831775
0 0.6931028037383178 0.19457009345794393 0.0514018691588785 0.050710280373831775
0 0.6864859813084112 0.21953271028037383 0.0514018691588785 0.050710280373831775
0 0.6938317757009346 0.4302523364485981 0.0514018691588785 0.050710280373831775
0 0.11086915887850467 0.4669626168224299 0.0514018691588785 0.050710280373831775
0 0.11086915887850467 0.4383271028037383 0.0514018691588785 0.050710280373831775
0 0.17841121495327103 0.6123364485981309 0.0514018691588785 0.050710280373831775
0 0.2870747663551402 0.872981308411215 0.0514018691588785 0.050710280373831775
0 0.721 0.8120373831775701 0.0514018691588785 0.050710280373831775
0 0.8267289719626169 0.6828224299065421 0.0514018691588785 0.050710280373831775
0 0.7092523364485981 0.5903084112149533 0.0514018691588785 0.050710280373831775
0 0.7973551401869159 0.25771028037383176 0.0514018691588785 0.050710280373831775
0 0.1402336448598131 0.884 0.0514018691588785 0.050710280373831775
0 0.14537383177570096 0.8509532710280374 0.0514018691588785 0.050710280373831775
0 0.8627009345794393 0.8950093457943925 0.0514018691588785 0.050710280373831775
2 0.5011121495327103 0.49965420560747664 0.9977757009345793 0.9992710280373832
1 0.20009813084112152 0.5000233644859813 0.2782710280373832 0.9970560747663553
1 0.48019626168224294 0.4985514018691589 0.17768224299065422 0.9897196261682243
1 0.7885700934579439 0.4974532710280375 0.27459813084112145 0.988981308411215
