0 0.5227570093457944 0.8443457943925234 0.07194392523364486 0.07196261682242991
0 0.14317757009345794 0.27973831775700936 0.07194392523364486 0.07196261682242991
0 0.1468411214953271 0.3318691588785047 0.07194392523364486 0.07196261682242991
0 0.2187943925233645 0.33773831775700935 0.07194392523364486 0.07196261682242991
0 0.28560747663551406 0.25624299065420564 0.07194392523364486 0.07196261682242991
0 0.5675514018691589 0.739355140186916 0.07194392523364486 0.07196261682242991
0 0.20117757009345794 0.9295140186915888 0.07194392523364486 0.07196261682242991
0 0.19089719626168222 0.8450841121495327 0.07194392523364486 0.07196261682242991
0 0.060943925233644856 0.7055794392523365 0.07194392523364486 0.07196261682242991
0 0.11894392523364486 0.7085140186915888 0.07194392523364486 0.07196261682242991
0 0.1813551401869159 0.7092523364485981 0.07194392523364486 0.07196261682242991
2 0.49928504672897195 0.5000233644859813 0.9985327102803739 0.9985327102803739
1 0.5477476635514018 0.4978177570093459 0.34801869158878507 0.9882523364485982
