0 0.22503738317757008 0.027897196261682244 0.058728971962616824 0.058728971962616824
0 0.7720280373831776 0.9434672897196261 0.058728971962616824 0.058728971962616824
0 0.263214953271028 0.9500747663551402 0.058728971962616824 0.058728971962616824
0 0.7947850467289719 0.056532710280373835 0.058728971962616824 0.058728971962616824
0 0.7889158878504673 0.26799065420560747 0.058728971962616824 0.058728971962616824
0 0.6552897196261682 0.8876635514018691 0.058728971962616824 0.058728971962616824
0 0.29918691588785046 0.5007383177570093 0.058728971962616824 0.058728971962616824
0 0.6905327102803739 0.4478691588785047 0.058728971962616824 0.058728971962616824
0 0.6861214953271028 0.48457943925233643 0.058728971962616824 0.058728971962616824
0 0.25881308411214954 0.7900093457943925 0.058728971962616824 0.058728971962616824
0 0.2712897196261682 0.7019065420560747 0.058728971962616824 0.058728971962616824
0 0.26614953271028036 0.7444953271028038 0.058728971962616824 0.058728971962616824
0 0.17437383177570095 0.6079252336448598 0.058728971962616824 0.058728971962616824
0 0.2925794392523364 0.22393457943925235 0.058728971962616824 0.058728971962616824
1 0.22428037383177568 0.49998130841121496 0.2540373831775701 0.9926542056074765
2 0.4996121495327102 0.4977897196261682 0.9985327102803739 0.9955794392523364
1 0.7297897196261682 0.49961682242990657 0.24156074766355143 0.9875140186915888
