0 0.09325233644859814 0.11161682242990655 0.0902803738317757 0.08807476635514018
0 0.15528971962616822 0.2187943925233645 0.0902803738317757 0.08807476635514018
0 0.611233644859813 0.15712149532710282 0.0902803738317757 0.08807476635514018
0 0.8050654205607476 0.0932429906542056 0.0902803738317757 0.08807476635514018
0 0.8050654205607476 0.31717757009345793 0.0902803738317757 0.08807476635514018
0 0.7933177570093458 0.8010280373831776 0.0902803738317757 0.08807476635514018
0 0.2977196261682243 0.8619626168224299 0.0902803738317757 0.08807476635514018
0 0.6787757009345794 0.8663738317757009 0.0902803738317757 0.08807476635514018
0 0.8065327102803739 0.9030841121495327 0.0902803738317757 0.08807476635514018
0 0.6156355140186917 0.26578504672897196 0.0902803738317757 0.08807476635514018
1 0.21584112149532708 0.5095280373831776 0.42510280373831777 0.9794485981308411
1 0.7165747663551402 0.5098971962616823 0.44860747663551404 0.9787102803738318
2 0.5005420560747664 0.5073271028037383 0.9989158878504673 0.9794392523364486
