0 0.5888411214953271 0.8715140186915887 0.07046728971962617 0.0683177570093458
0 0.9383271028037383 0.5014672897196262 0.07046728971962617 0.0683177570093458
0 0.805429906542056 0.7422897196261682 0.07046728971962617 0.0683177570093458
0 0.05946728971962617 0.7364205607476636 0.07046728971962617 0.0683177570093458
0 0.6806168224299065 0.37665420560747664 0.07046728971962617 0.0683177570093458
0 0.740822429906542 0.37885981308411215 0.07046728971962617 0.0683177570093458
0 0.8502242990654205 0.6740093457943925 0.07046728971962617 0.0683177570093458
0 0.3869345794392523 0.6057289719626168 0.07046728971962617 0.0683177570093458
0 0.16666355140186917 0.6864859813084112 0.07046728971962617 0.0683177570093458
0 0.09104672897196261 0.34067289719626165 0.07046728971962617 0.0683177570093458
0 0.3715140186915888 0.21732710280373832 0.07046728971962617 0.0683177570093458
0 0.5543271028037383 0.4339158878504673 0.07046728971962617 0.0683177570093458
0 0.6754672897196262 0.5018504672897196 0.07046728971962617 0.0683177570093458
1 0.16706074766355142 0.500392523364486 0.3311308411214953 0.9948598130841122
1 0.7933317757009346 0.6321822429906543 0.41333644859813085 0.7312803738317757
1 0.4611121495327103 0.49928971962616825 0.3715140186915888 0.9897196261682243
2 0.49965420560747664 0.5014906542056075 0.9977943925233645 0.9941214953271028
