0 0.6523364485981309 0.48680373831775703 0.07413084112149532 0.07345794392523364
0 0.4049158878504673 0.4933925233644859 0.07413084112149532 0.07345794392523364
0 0.4159345794392523 0.5477196261682242 0.07413084112149532 0.07345794392523364
0 0.43942990654205605 0.8575607476635514 0.07413084112149532 0.07345794392523364
0 0.42400934579439253 0.9082242990654206 0.07413084112149532 0.07345794392523364
0 0.6024205607476636 0.8538878504672897 0.07413084112149532 0.07345794392523364
0 0.5701214953271028 0.4001495327102804 0.07413084112149532 0.07345794392523364
0 0.3997757009345794 0.7643177570093458 0.07413084112149532 0.07345794392523364
0 0.35792523364485984 0.9074859813084112 0.07413084112149532 0.07345794392523364
0 0.40858878504672896 0.4133644859813084 0.07413084112149532 0.07345794392523364
1 0.5205420560747663 0.4911728971962616 0.4897196261682243 0.9691682242990655
2 0.5001728971962617 0.4992570093457944 0.9996542056074768 0.9985140186915888
