0 0.2026448598130841 0.17400934579439253 0.06314018691588785 0.06241121495327103
0 0.16005607476635514 0.09398130841121495 0.06314018691588785 0.06241121495327103
0 0.5411121495327103 0.2393551401869159 0.06314018691588785 0.06241121495327103
0 0.6571214953271028 0.04845794392523364 0.06314018691588785 0.06241121495327103
0 0.9302523364485982 0.4148317757009346 0.06314018691588785 0.06241121495327103
0 0.6108691588785047 0.34617757009345795 0.06314018691588785 0.06241121495327103
0 0.6042616822429906 0.5558037383177571 0.06314018691588785 0.06241121495327103
0 0.4787102803738318 0.06314018691588785 0.06314018691588785 0.06241121495327103
0 0.42657943925233643 0.7474299065420561 0.06314018691588785 0.06241121495327103
0 0.47577570093457944 0.8472803738317757 0.06314018691588785 0.06241121495327103
0 0.18942990654205608 0.3362710280373832 0.06314018691588785 0.06241121495327103
1 0.5275560747663551 0.4970841121495327 0.444196261682243 0.9867850467289718
2 0.49928971962616825 0.5000233644859813 0.9970654205607478 0.9985327102803739
