0 0.24045794392523367 0.052130841121495325 0.09250467289719627 0.09250467289719627
0 0.39684112149532713 0.2643177570093458 0.09250467289719627 0.09250467289719627
0 0.2734953271028037 0.1115981308411215 0.09250467289719627 0.09250467289719627
0 0.2455981308411215 0.8472803738317757 0.09250467289719627 0.09250467289719627
0 0.3256261682242991 0.8223177570093458 0.09250467289719627 0.09250467289719627
0 0.3043271028037383 0.47210280373831776 0.09250467289719627 0.09250467289719627
0 0.22357009345794393 0.5051401869158878 0.09250467289719627 0.09250467289719627
0 0.3322336448598131 0.5220280373831776 0.09250467289719627 0.09250467289719627
0 0.14941121495327103 0.8164485981308411 0.09250467289719627 0.09250467289719627
0 0.2360467289719626 0.785607476635514 0.09250467289719627 0.09250467289719627
0 0.2757009345794392 0.4221682242990654 0.09250467289719627 0.09250467289719627
0 0.18685046728971963 0.38179439252336445 0.09250467289719627 0.09250467289719627
1 0.3098224299065421 0.49777570093457935 0.5734205607476635 0.9897196261682243
2 0.5 0.4988878504672897 1.0 0.9977757009345793
