0 0.7885420560747664 0.9074859813084112 0.06828037383177571 0.07194392523364486
0 0.321588785046729 0.9229065420560748 0.06828037383177571 0.07194392523364486
0 0.7907476635514019 0.06828037383177571 0.06828037383177571 0.07194392523364486
0 0.5319439252336449 0.47210280373831776 0.06828037383177571 0.07194392523364486
0 0.792214953271028 0.40895327102803736 0.06828037383177571 0.07194392523364486
0 0.11673831775700934 0.694570093457944 0.06828037383177571 0.07194392523364486
0 0.09985046728971964 0.6475794392523364 0.06828037383177571 0.07194392523364486
0 0.25917757009345793 0.45081308411214954 0.06828037383177571 0.07194392523364486
0 0.442 0.5925140186915888 0.06828037383177571 0.07194392523364486
0 0.5374485981308411 0.2187943925233645 0.06828037383177571 0.07194392523364486
0 0.5315700934579439 0.03891588785046729 0.06828037383177571 0.07194392523364486
0 0.2709252336448598 0.08810280373831775 0.06828037383177571 0.07194392523364486
0 0.8017663551401869 0.6541869158878505 0.06828037383177571 0.07194392523364486
1 0.22506074766355139 0.5014906542056075 0.35756074766355145 0.9941214953271028
1 0.47542523364485983 0.5029579439252337 0.26357943925233646 0.9911869158878505
1 0.7558971962616822 0.5025934579439253 0.3737196261682243 0.9904579439252336
2 0.4996448598130841 0.5018457943925234 0.9992897196261682 0.9963084112149533
