0 0.5789252336448598 0.7154953271028037 0.08663551401869159 0.09177570093457944
0 0.42987850467289723 0.3641682242990654 0.08663551401869159 0.09177570093457944
0 0.45557943925233646 0.6240841121495327 0.08663551401869159 0.09177570093457944
0 0.42620560747663555 0.716588785046729 0.08663551401869159 0.09177570093457944
0 0.5627757009345794 0.8707757009345795 0.08663551401869159 0.09177570093457944
0 0.41666355140186917 0.13802803738317757 0.08663551401869159 0.09177570093457944
0 0.43428971962616825 0.8179158878504672 0.08663551401869159 0.09177570093457944
0 0.5679158878504672 0.4610841121495327 0.08663551401869159 0.09177570093457944
0 0.43355140186915886 0.5014672897196262 0.08663551401869159 0.09177570093457944
0 0.5627757009345794 0.1284859813084112 0.08663551401869159 0.09177570093457944
2 0.5005420560747664 0.49888317757009343 0.9989158878504673 0.9963271028037383
1 0.4996121495327103 0.5014532710280375 0.32599065420560747 0.9955981308411215
1 0.8891168224299065 0.4977803738317757 0.2180654205607476 0.9941214953271028
