0 0.35315887850467287 0.5558037383177571 0.06241121495327103 0.06093457943925234
0 0.30837383177570094 0.5558037383177571 0.06241121495327103 0.06093457943925234
0 0.5293738317757009 0.36490654205607476 0.06241121495327103 0.06093457943925234
0 0.3494859813084112 0.7217289719626169 0.06241121495327103 0.06093457943925234
0 0.34141121495327104 0.676214953271028 0.06241121495327103 0.06093457943925234
0 0.33773831775700935 0.3942710280373832 0.06241121495327103 0.06093457943925234
0 0.3491214953271028 0.35058878504672897 0.06241121495327103 0.06093457943925234
0 0.39500934579439256 0.3619719626168224 0.06241121495327103 0.06093457943925234
0 0.33994392523364486 0.4302523364485981 0.06241121495327103 0.06093457943925234
0 0.39500934579439256 0.43905607476635516 0.06241121495327103 0.06093457943925234
0 0.33920560747663553 0.4823831775700934 0.06241121495327103 0.06093457943925234
1 0.41669158878504675 0.5029626168224299 0.4691588785046729 0.9897196261682243
2 0.49891121495327106 0.49928504672897195 0.9978224299065421 0.9970560747663553
