0 0.35169158878504675 0.607196261682243 0.15418691588785047 0.1460747663551402
0 0.3612336448598131 0.4761588785046729 0.15418691588785047 0.1460747663551402
0 0.36857943925233644 0.113803738317757 0.15418691588785047 0.1460747663551402
0 0.7246728971962617 0.113803738317757 0.15418691588785047 0.1460747663551402
0 0.6130654205607476 0.7452242990654205 0.15418691588785047 0.1460747663551402
0 0.6380373831775701 0.8472803738317757 0.15418691588785047 0.1460747663551402
0 0.3304018691588785 0.7958878504672897 0.15418691588785047 0.1460747663551402
0 0.3032336448598131 0.910429906542056 0.15418691588785047 0.1460747663551402
0 0.6879626168224299 0.5073457943925234 0.15418691588785047 0.1460747663551402
0 0.3678411214953271 0.25183177570093457 0.15418691588785047 0.1460747663551402
1 0.5194766355140187 0.49671495327102805 0.5998504672897197 0.9801775700934581
2 0.5 0.5003878504672898 1.0 0.9948504672897196
