0 0.8781214953271028 0.6769439252336449 0.10499065420560748 0.09764485981308411
0 0.6541869158878505 0.3252616822429906 0.10499065420560748 0.09764485981308411
0 0.8370093457943926 0.613803738317757 0.10499065420560748 0.09764485981308411
0 0.8259906542056075 0.7533084112149533 0.10499065420560748 0.09764485981308411
0 0.5881028037383177 0.7679906542056075 0.10499065420560748 0.09764485981308411
0 0.40822429906542057 0.7533084112149533 0.10499065420560748 0.09764485981308411
0 0.17327102803738317 0.38472897196261685 0.10499065420560748 0.09764485981308411
0 0.10645794392523364 0.31717757009345793 0.10499065420560748 0.09764485981308411
0 0.6820841121495328 0.8237943925233645 0.10499065420560748 0.09764485981308411
0 0.19676635514018692 0.7841401869158878 0.10499065420560748 0.09764485981308411
0 0.40161682242990654 0.36857943925233644 0.10499065420560748 0.09764485981308411
0 0.26542056074766357 0.39684112149532713 0.10499065420560748 0.09764485981308411
0 0.2254018691588785 0.2606448598130841 0.10499065420560748 0.09764485981308411
2 0.5000233644859813 0.5000233644859813 0.9985327102803739 0.9985327102803739
1 0.28159345794392526 0.49892056074766356 0.4544766355140188 0.9933925233644858
1 0.7232102803738318 0.5014906542056075 0.5535794392523364 0.9955981308411215
