0 0.1215140186915888 0.17106542056074767 0.07048598130841122 0.06900934579439252
0 0.16997196261682243 0.26504672897196263 0.07048598130841122 0.06900934579439252
0 0.19566355140186917 0.35169158878504675 0.07048598130841122 0.06900934579439252
0 0.10021495327102804 0.39500934579439256 0.07048598130841122 0.06900934579439252
0 0.194196261682243 0.5535981308411215 0.07048598130841122 0.06900934579439252
0 0.4247383177570094 0.47797196261682245 0.07048598130841122 0.06900934579439252
0 0.7419252336448598 0.444196261682243 0.07048598130841122 0.06900934579439252
0 0.7132897196261683 0.805429906542056 0.07048598130841122 0.06900934579439252
0 0.8366355140186916 0.7547757009345795 0.07048598130841122 0.06900934579439252
0 0.3880280373831776 0.8685794392523365 0.07048598130841122 0.06900934579439252
2 0.4996121495327102 0.5087897196261681 0.9985327102803739 0.9779719626168223
1 0.19711682242990652 0.5109953271028037 0.33040186915887854 0.9779719626168225
1 0.49998130841121496 0.5076915887850467 0.31203738317757 0.9742990654205608
1 0.8368130841121495 0.5058551401869159 0.32637383177570095 0.9676915887850468
