0 0.6765794392523365 0.5881028037383177 0.09104672897196261 0.08736448598130842
0 0.19053271028037383 0.2907476635514019 0.09104672897196261 0.08736448598130842
0 0.18685981308411215 0.2048411214953271 0.09104672897196261 0.08736448598130842
0 0.6618971962616823 0.8964766355140187 0.09104672897196261 0.08736448598130842
0 0.1508785046728972 0.6563831775700935 0.09104672897196261 0.08736448598130842
0 0.21328971962616822 0.5807663551401869 0.09104672897196261 0.08736448598130842
0 0.7272336448598131 0.49192523364485985 0.09104672897196261 0.08736448598130842
0 0.6993364485981308 0.18244859813084113 0.09104672897196261 0.08736448598130842
0 0.34617757009345795 0.13583177570093458 0.09104672897196261 0.08736448598130842
0 0.8814205607476635 0.9001495327102803 0.09104672897196261 0.08736448598130842
0 0.8895046728971963 0.8259906542056075 0.09104672897196261 0.08736448598130842
0 0.32635514018691586 0.5205607476635514 0.09104672897196261 0.08736448598130842
0 0.6824485981308411 0.1218785046728972 0.09104672897196261 0.08736448598130842
2 0.5001728971962617 0.5007196261682243 0.9996542056074768 0.9970654205607478
1 0.7995420560747664 0.5018177570093457 0.384 0.9919158878504672
1 0.2422710280373832 0.49998130841121496 0.39867289719626164 0.9926542056074765
