0 0.8058037383177571 0.3472803738317757 0.07269158878504672 0.06900934579439252
0 0.8362710280373832 0.4397943925233645 0.07269158878504672 0.06900934579439252
0 0.7929532710280374 0.6483084112149533 0.07269158878504672 0.06900934579439252
0 0.7900186915887851 0.6049906542056075 0.07269158878504672 0.06900934579439252
0 0.227607476635514 0.5947102803738318 0.07269158878504672 0.06900934579439252
0 0.13362616822429907 0.3671028037383178 0.07269158878504672 0.06900934579439252
0 0.47357009345794393 0.3472803738317757 0.07269158878504672 0.06900934579439252
0 0.4654953271028037 0.640233644859813 0.07269158878504672 0.06900934579439252
0 0.11894392523364486 0.8744485981308411 0.07269158878504672 0.06900934579439252
0 0.09985046728971964 0.9610841121495326 0.07269158878504672 0.06900934579439252
0 0.7907476635514019 0.9368598130841121 0.07269158878504672 0.06900934579439252
0 0.435392523364486 0.8847289719626168 0.07269158878504672 0.06900934579439252
0 0.43685981308411215 0.9339158878504673 0.07269158878504672 0.06900934579439252
0 0.48164485981308414 0.4001495327102804 0.07269158878504672 0.06900934579439252
0 0.24889719626168225 0.2665233644859813 0.07269158878504672 0.06900934579439252
0 0.2525700934579439 0.08370093457943925 0.07269158878504672 0.06900934579439252
0 0.8392056074766355 0.06314018691588785 0.07269158878504672 0.06900934579439252
0 0.6218785046728972 0.038177570093457944 0.07269158878504672 0.06900934579439252
0 0.9236448598130841 0.3032336448598131 0.07269158878504672 0.06900934579439252
0 0.8972149532710281 0.8700467289719627 0.07269158878504672 0.06900934579439252
1 0.8462056074766355 0.4985514018691589 0.3046915887850468 0.9970654205607478
2 0.5 0.49965420560747664 1.0 0.9977943925233645
1 0.5161728971962617 0.49928504672897195 0.3201214953271028 0.9985327102803739
1 0.1685233644859813 0.49892056074766356 0.31203738317757007 0.9963271028037385
