0 0.8193831775700935 0.7019065420560747 0.07342056074766355 0.07414953271028038
0 0.5139532710280373 0.6908971962616822 0.07342056074766355 0.07414953271028038
0 0.22246728971962615 0.6350934579439252 0.07342056074766355 0.07414953271028038
0 0.22467289719626168 0.5352429906542057 0.07342056074766355 0.07414953271028038
0 0.7129252336448598 0.435392523364486 0.07342056074766355 0.07414953271028038
0 0.7019065420560747 0.2841401869158878 0.07342056074766355 0.07414953271028038
0 0.7085140186915888 0.3318691588785047 0.07342056074766355 0.07414953271028038
0 0.3869345794392523 0.2738598130841121 0.07342056074766355 0.07414953271028038
0 0.38105607476635517 0.22320560747663554 0.07342056074766355 0.07414953271028038
0 0.10645794392523364 0.20411214953271029 0.07342056074766355 0.07414953271028038
0 0.11086915887850467 0.1013177570093458 0.07342056074766355 0.07414953271028038
0 0.5176261682242991 0.3384766355140187 0.07342056074766355 0.07414953271028038
0 0.22981308411214954 0.27789719626168224 0.07342056074766355 0.07414953271028038
1 0.4614766355140187 0.504785046728972 0.276803738317757 0.9904299065420561
1 0.1835747663551402 0.5007570093457945 0.24228971962616822 0.9941308411214953
1 0.7698457943925234 0.5007523364485981 0.3252616822429906 0.9882523364485982
2 0.49928504672897195 0.5018457943925234 0.9985327102803739 0.9963084112149533
