0 0.2110841121495327 0.5704859813084112 0.07050467289719627 0.0645981308411215
0 0.5906728971962617 0.9302523364485982 0.07050467289719627 0.0645981308411215
0 0.47100000000000003 0.6578504672897196 0.07050467289719627 0.0645981308411215
0 0.8425140186915888 0.638766355140187 0.07050467289719627 0.0645981308411215
0 0.7925794392523364 0.08002803738317757 0.07050467289719627 0.0645981308411215
0 0.47760747663551406 0.04478504672897196 0.07050467289719627 0.0645981308411215
0 0.12298130841121496 0.06901869158878504 0.07050467289719627 0.0645981308411215
0 0.1714392523364486 0.15712149532710282 0.07050467289719627 0.0645981308411215
0 0.0950841121495327 0.2848785046728972 0.07050467289719627 0.0645981308411215
0 0.8329626168224299 0.3384766355140187 0.07050467289719627 0.0645981308411215
0 0.47833644859813085 0.3458130841121495 0.07050467289719627 0.0645981308411215
0 0.11123364485981307 0.3814018691588785 0.07050467289719627 0.0645981308411215
1 0.5223738317757008 0.49961682242990657 0.2569719626168224 0.9919252336448597
1 0.14828971962616821 0.5007196261682243 0.24596261682242992 0.9897196261682243
2 0.5 0.5003457943925232 1.0 0.9948598130841122
1 0.8746261682242991 0.5018177570093457 0.2507476635514018 0.9919158878504672
