0 0.4541121495327103 0.5110093457943925 0.09471028037383178 0.09250467289719627
0 0.4522803738317757 0.5763551401869159 0.09471028037383178 0.09250467289719627
0 0.45300934579439256 0.07195327102803738 0.09471028037383178 0.09250467289719627
0 0.11894392523364486 0.5521308411214954 0.09471028037383178 0.09250467289719627
0 0.12481308411214954 0.4904579439252336 0.09471028037383178 0.09250467289719627
0 0.11967289719626169 0.6938317757009346 0.09471028037383178 0.09250467289719627
0 0.1262803738317757 0.7503644859813084 0.09471028037383178 0.09250467289719627
0 0.4522803738317757 0.6446448598130841 0.09471028037383178 0.09250467289719627
0 0.4728317757009346 0.37665420560747664 0.09471028037383178 0.09250467289719627
0 0.7687196261682243 0.5051401869158878 0.09471028037383178 0.09250467289719627
0 0.7709252336448598 0.43465420560747664 0.09471028037383178 0.09250467289719627
0 0.26871962616822426 0.5763551401869159 0.09471028037383178 0.09250467289719627
1 0.8667523364485981 0.5000233644859813 0.2664953271028037 0.9882523364485982
2 0.5 0.502214953271028 1.0 0.9955700934579439
1 0.1795373831775701 0.5022242990654205 0.2870747663551402 0.9941308411214953
1 0.5407710280373832 0.5007570093457945 0.2753364485981308 0.9867850467289718
