0 0.877018691588785 0.5190934579439251 0.10057943925233645 0.10057943925233645
0 0.7169626168224299 0.2048411214953271 0.10057943925233645 0.10057943925233645
0 0.1119626168224299 0.45594392523364485 0.10057943925233645 0.10057943925233645
0 0.2103551401869159 0.7782710280373831 0.10057943925233645 0.10057943925233645
0 0.6516168224299066 0.8340654205607477 0.10057943925233645 0.10057943925233645
0 0.6288504672897196 0.9008785046728972 0.10057943925233645 0.10057943925233645
0 0.6266542056074766 0.5822336448598131 0.10057943925233645 0.10057943925233645
0 0.606822429906542 0.5088130841121495 0.10057943925233645 0.10057943925233645
0 0.5910467289719625 0.3865607476635514 0.10057943925233645 0.10057943925233645
0 0.31387850467289724 0.5102803738317757 0.10057943925233645 0.10057943925233645
0 0.31314018691588785 0.5668130841121496 0.10057943925233645 0.10057943925233645
0 0.7646822429906542 0.8091028037383178 0.10057943925233645 0.10057943925233645
0 0.8726168224299066 0.46401869158878506 0.10057943925233645 0.10057943925233645
1 0.2411728971962617 0.4992570093457944 0.4493364485981308 0.9985140186915888
1 0.7125373831775701 0.5010841121495326 0.5080841121495328 0.9889906542056075
2 0.5 0.4992570093457944 1.0 0.9985140186915888
