0 0.3806915887850467 0.23421495327102804 0.15712149532710282 0.14390654205607475
0 0.40638317757009346 0.6989719626168224 0.15712149532710282 0.14390654205607475
0 0.4981682242990654 0.14757943925233644 0.15712149532710282 0.14390654205607475
0 0.25440186915887847 0.13583177570093458 0.15712149532710282 0.14390654205607475
0 0.3902336448598131 0.14977570093457943 0.15712149532710282 0.14390654205607475
0 0.801392523364486 0.36270093457943925 0.15712149532710282 0.14390654205607475
0 0.39757943925233646 0.334803738317757 0.15712149532710282 0.14390654205607475
0 0.6545514018691588 0.6695981308411215 0.15712149532710282 0.14390654205607475
0 0.37187850467289724 0.8032336448598131 0.15712149532710282 0.14390654205607475
0 0.6134392523364486 0.16666355140186917 0.15712149532710282 0.14390654205607475
0 0.707411214953271 0.2621121495327103 0.15712149532710282 0.14390654205607475
0 0.6141682242990654 0.24596261682242992 0.15712149532710282 0.14390654205607475
1 0.5260467289719626 0.4996121495327102 0.6989719626168225 0.9963271028037383
2 0.5005420560747664 0.4992570093457944 0.9989158878504673 0.9985140186915888
