0 0.20447663551401868 0.3325981308411215 0.09398130841121495 0.09471028037383178
0 0.5128504672897196 0.49926168224299067 0.09398130841121495 0.09471028037383178
0 0.558373831775701 0.6027850467289719 0.09398130841121495 0.09471028037383178
0 0.07892523364485982 0.47797196261682245 0.09398130841121495 0.09471028037383178
0 0.47467289719626166 0.15491588785046728 0.09398130841121495 0.09471028037383178
0 0.9519065420560747 0.5866355140186916 0.09398130841121495 0.09471028037383178
0 0.6596915887850467 0.39573831775700935 0.09398130841121495 0.09471028037383178
0 0.6626261682242991 0.46035514018691587 0.09398130841121495 0.09471028037383178
0 0.6508785046728972 0.7547757009345795 0.09398130841121495 0.09471028037383178
0 0.05396261682242991 0.20117757009345794 0.09398130841121495 0.09471028037383178
0 0.21328971962616822 0.08590654205607477 0.09398130841121495 0.09471028037383178
0 0.20961682242990654 0.3865607476635514 0.09398130841121495 0.09471028037383178
1 0.9023317757009345 0.5043878504672897 0.19457009345794388 0.9882523364485982
1 0.5708317757009346 0.500714953271028 0.32745794392523364 0.985317757009346
1 0.15636915887850467 0.5043878504672897 0.30911214953271027 0.9882523364485982
2 0.5001728971962617 0.5032850467289719 0.9996542056074768 0.9889813084112148
