0 0.3494859813084112 0.16813084112149534 0.1196822429906542 0.11454205607476636
0 0.29221495327102803 0.47577570093457944 0.1196822429906542 0.11454205607476636
0 0.5859065420560747 0.22393457943925235 0.1196822429906542 0.11454205607476636
0 0.7114579439252336 0.8810560747663552 0.1196822429906542 0.11454205607476636
0 0.6806168224299065 0.511018691588785 0.1196822429906542 0.11454205607476636
0 0.5814953271028038 0.5565327102803739 0.1196822429906542 0.11454205607476636
0 0.43244859813084113 0.41997196261682246 0.1196822429906542 0.11454205607476636
0 0.6255514018691589 0.15712149532710282 0.1196822429906542 0.11454205607476636
0 0.3494859813084112 0.07783177570093458 0.1196822429906542 0.11454205607476636
0 0.580392523364486 0.8377383177570094 0.1196822429906542 0.11454205607476636
2 0.5003785046728971 0.5018457943925234 0.9992429906542056 0.9963084112149533
1 0.4541355140186916 0.47726168224299065 0.6585887850467289 0.9353831775700935
