0 0.24522429906542054 0.3869345794392523 0.05579439252336449 0.0616822429906542
0 0.48457943925233643 0.3179158878504673 0.05579439252336449 0.0616822429906542
0 0.3884018691588785 0.6600560747663551 0.05579439252336449 0.0616822429906542
0 0.13362616822429907 0.7378878504672897 0.05579439252336449 0.0616822429906542
0 0.7430280373831776 0.41997196261682246 0.05579439252336449 0.0616822429906542
0 0.8847289719626168 0.32379439252336445 0.05579439252336449 0.0616822429906542
0 0.7378878504672897 0.3355327102803738 0.05579439252336449 0.0616822429906542
0 0.38179439252336445 0.22833644859813085 0.05579439252336449 0.0616822429906542
0 0.09251401869158878 0.334803738317757 0.05579439252336449 0.0616822429906542
0 0.20411214953271029 0.5462523364485982 0.05579439252336449 0.0616822429906542
0 0.38105607476635517 0.26945794392523365 0.05579439252336449 0.0616822429906542
0 0.0932429906542056 0.15858878504672896 0.05579439252336449 0.0616822429906542
0 0.43244859813084113 0.19750467289719628 0.05579439252336449 0.0616822429906542
0 0.48164485981308414 0.1284859813084112 0.05579439252336449 0.0616822429906542
0 0.5315700934579439 0.5565327102803739 0.05579439252336449 0.0616822429906542
0 0.392803738317757 0.524233644859813 0.05579439252336449 0.0616822429906542
0 0.3891308411214953 0.42290654205607475 0.05579439252336449 0.0616822429906542
0 0.38472897196261685 0.3450841121495327 0.05579439252336449 0.0616822429906542
0 0.5257009345794392 0.24156074766355143 0.05579439252336449 0.0616822429906542
1 0.16778971962616823 0.4941495327102804 0.2650560747663551 0.8898691588785047
1 0.8252803738317757 0.49304672897196267 0.2613831775700934 0.8935327102803738
2 0.49927570093457946 0.49304672897196267 0.9985514018691589 0.897943925233645
