0 0.680981308411215 0.729803738317757 0.07414953271028038 0.07194392523364486
0 0.6967663551401869 0.19971028037383176 0.07414953271028038 0.07194392523364486
0 0.3931682242990654 0.2760654205607477 0.07414953271028038 0.07194392523364486
0 0.6031588785046729 0.5983831775700934 0.07414953271028038 0.07194392523364486
0 0.3535233644859813 0.7452242990654205 0.07414953271028038 0.07194392523364486
0 0.42400934579439253 0.6989719626168224 0.07414953271028038 0.07194392523364486
0 0.6596915887850467 0.600588785046729 0.07414953271028038 0.07194392523364486
0 0.7140186915887851 0.9185046728971962 0.07414953271028038 0.07194392523364486
0 0.6464766355140187 0.31203738317757007 0.07414953271028038 0.07194392523364486
0 0.4386915887850467 0.6527196261682243 0.07414953271028038 0.07194392523364486
0 0.7279719626168224 0.7371495327102804 0.07414953271028038 0.07194392523364486
2 0.5001728971962617 0.4988878504672897 0.9996542056074768 0.9977757009345793
1 0.5278831775700935 0.4996121495327102 0.5058785046728972 0.9963271028037383
