0 0.7279719626168224 0.5044018691588785 0.06314018691588785 0.06386915887850468
0 0.11123364485981307 0.26247663551401873 0.06314018691588785 0.06386915887850468
0 0.3902336448598131 0.22833644859813085 0.06314018691588785 0.06386915887850468
0 0.4974299065420561 0.2430280373831776 0.06314018691588785 0.06386915887850468
0 0.6964018691588785 0.21806542056074768 0.06314018691588785 0.06386915887850468
0 0.7683551401869159 0.27165420560747666 0.06314018691588785 0.06386915887850468
0 0.5099158878504673 0.6321588785046729 0.06314018691588785 0.06386915887850468
0 0.5084392523364486 0.5837009345794392 0.06314018691588785 0.06386915887850468
0 0.5040373831775702 0.1387663551401869 0.06314018691588785 0.06386915887850468
0 0.15528971962616822 0.6791495327102804 0.06314018691588785 0.06386915887850468
0 0.8417757009345794 0.6343644859813083 0.06314018691588785 0.06386915887850468
0 0.7022803738317758 0.6306915887850467 0.06314018691588785 0.06386915887850468
0 0.40932710280373835 0.6027850467289719 0.06314018691588785 0.06386915887850468
0 0.37481308411214953 0.6857570093457944 0.06314018691588785 0.06386915887850468
1 0.2712710280373832 0.4955841121495327 0.3744485981308411 0.9911682242990654
1 0.5976308411214953 0.49594392523364483 0.3575607476635514 0.9904485981308411
1 0.8645186915887851 0.49485046728971965 0.26578504672897196 0.9897009345794393
2 0.5001728971962617 0.4999859813084112 0.9996542056074768 0.9985327102803739
