0 0.43612149532710276 0.7268691588785047 0.08149532710280374 0.07710280373831775
0 0.6380373831775701 0.4772429906542056 0.08149532710280374 0.07710280373831775
0 0.5748878504672897 0.35315887850467287 0.08149532710280374 0.07710280373831775
0 0.6839252336448598 0.07819626168224299 0.08149532710280374 0.07710280373831775
0 0.6593271028037383 0.6115981308411215 0.08149532710280374 0.07710280373831775
0 0.6211495327102804 0.5330373831775701 0.08149532710280374 0.07710280373831775
0 0.6740093457943925 0.12481308411214954 0.08149532710280374 0.07710280373831775
0 0.6607943925233645 0.17473831775700935 0.08149532710280374 0.07710280373831775
0 0.5212897196261682 0.7694579439252337 0.08149532710280374 0.07710280373831775
0 0.5315700934579439 0.8333364485981308 0.08149532710280374 0.07710280373831775
0 0.3737196261682243 0.859766355140187 0.08149532710280374 0.07710280373831775
1 0.4702850467289719 0.49598598130841126 0.6262897196261682 0.9772429906542055
2 0.49965420560747664 0.49892523364485974 0.9977943925233645 0.9948598130841122
