0 0.4592564102564103 0.6662564102564102 0.062307692307692314 0.04793162393162393
0 0.20570940170940172 0.7103504273504274 0.062307692307692314 0.04793162393162393
0 0.882145299145299 0.3384957264957265 0.062307692307692314 0.04793162393162393
0 0.700974358974359 0.3145299145299145 0.062307692307692314 0.04793162393162393
0 0.5792307692307692 0.37588034188034186 0.062307692307692314 0.04793162393162393
0 0.2533076923076923 0.1994957264957265 0.062307692307692314 0.04793162393162393
0 0.0865042735042735 0.30877777777777776 0.062307692307692314 0.04793162393162393
0 0.7306923076923076 0.5781452991452991 0.062307692307692314 0.04793162393162393
0 0.9588376068376068 0.3576666666666667 0.062307692307692314 0.04793162393162393
0 0.15264957264957266 0.5139145299145299 0.062307692307692314 0.04793162393162393
1 0.43042307692307696 0.265991452991453 0.8608461538461539 0.531982905982906
1 0.5 0.4461752136752137 1.0 0.8923504273504274
1 0.5299700854700855 0.6272136752136752 0.940059829059829 0.7455726495726496
2 0.5 0.5 1.0 1.0
