0 0.3333177570093458 0.3556355140186916 0.04409345794392523 0.04194392523364486
0 0.426018691588785 0.5719439252336449 0.04409345794392523 0.04194392523364486
0 0.2743271028037383 0.35282242990654206 0.04409345794392523 0.04194392523364486
0 0.5402616822429906 0.6646542056074766 0.04409345794392523 0.04194392523364486
0 0.7547009345794392 0.7208411214953271 0.04409345794392523 0.04194392523364486
0 0.43257943925233644 0.4586448598130841 0.04409345794392523 0.04194392523364486
0 0.6376542056074767 0.3640654205607477 0.04409345794392523 0.04194392523364486
0 0.777177570093458 0.4970373831775701 0.04409345794392523 0.04194392523364486
0 0.5728971962616822 0.5735607476635515 0.04409345794392523 0.04194392523364486
0 0.6253364485981309 0.20929906542056073 0.04409345794392523 0.04194392523364486
2 0.5 0.5 1.0 1.0
1 0.4461682242990654 0.5264579439252337 0.7696635514018692 0.6561308411214953
1 0.5732429906542056 0.34511214953271024 0.7077383177570093 0.5543925233644861
1 0.6772710280373833 0.24244392523364489 0.6454579439252336 0.48488785046728977
