0 0.8998990825688074 0.414348623853211 0.07412844036697247 0.07179816513761468
0 0.6213577981651376 0.3786422018348624 0.07412844036697247 0.07179816513761468
0 0.17313761467889907 0.530743119266055 0.07412844036697247 0.07179816513761468
0 0.2718440366972477 0.6488623853211009 0.07412844036697247 0.07179816513761468
0 0.49352293577981654 0.380256880733945 0.07412844036697247 0.07179816513761468
0 0.6601926605504588 0.7297706422018349 0.07412844036697247 0.07179816513761468
0 0.08409174311926605 0.6222293577981651 0.07412844036697247 0.07179816513761468
0 0.36501834862385324 0.6918990825688073 0.07412844036697247 0.07179816513761468
0 0.2847889908256881 0.2216788990825688 0.07412844036697247 0.07179816513761468
0 0.13288990825688074 0.2825229357798165 0.07412844036697247 0.07179816513761468
2 0.5 0.49952752293577984 1.0 0.9978073394495411
1 0.4987614678899082 0.2758394495412844 0.9975229357798164 0.3608348623853211
1 0.49795412844036696 0.6159357798165138 0.9959082568807339 0.5026605504587157
