0 0.40224786324786327 0.526051282051282 0.05430769230769231 0.05336752136752137
0 0.22433333333333336 0.5873846153846154 0.05430769230769231 0.05336752136752137
0 0.2468034188034188 0.4731452991452992 0.05430769230769231 0.05336752136752137
0 0.4116153846153846 0.40665811965811965 0.05430769230769231 0.05336752136752137
0 0.7534017094017094 0.4197692307692308 0.05430769230769231 0.05336752136752137
0 0.8273846153846154 0.3766923076923077 0.05430769230769231 0.05336752136752137
0 0.8264444444444445 0.563034188034188 0.05430769230769231 0.05336752136752137
0 0.6166837606837606 0.5452478632478633 0.05430769230769231 0.05336752136752137
0 0.41936752136752137 0.7478888888888888 0.05430769230769231 0.05336752136752137
0 0.630059829059829 0.7581880341880343 0.05430769230769231 0.05336752136752137
1 0.6084188034188034 0.5 0.22538461538461543 1.0
1 0.7831196581196581 0.5006410256410256 0.24111111111111103 0.9987179487179487
1 0.43432051282051287 0.4967649572649573 0.19154700854700857 0.9935299145299146
1 0.23984188034188034 0.5014957264957265 0.18891452991452992 0.997008547008547
2 0.4987179487179487 0.5 0.8863247863247863 1.0
