0 0.4984205607476635 0.9171214953271029 0.0516822429906542 0.0516822429906542
0 0.3927943925233645 0.7665514018691589 0.0516822429906542 0.0516822429906542
0 0.6298971962616823 0.763177570093458 0.0516822429906542 0.0516822429906542
0 0.619785046728972 0.7069906542056075 0.0516822429906542 0.0516822429906542
0 0.8681214953271028 0.8901588785046729 0.0516822429906542 0.0516822429906542
0 0.1141214953271028 0.7058691588785047 0.0516822429906542 0.0516822429906542
0 0.8310373831775701 0.7260934579439252 0.0516822429906542 0.0516822429906542
0 0.7085514018691589 0.8968971962616822 0.0516822429906542 0.0516822429906542
0 0.38942056074766357 0.9204953271028037 0.0516822429906542 0.0516822429906542
0 0.29054205607476635 0.8047570093457944 0.0516822429906542 0.0516822429906542
2 0.5 0.6582710280373832 1.0 0.6834579439252336
1 0.5 0.7724299065420561 1.0 0.2383177570093458
1 0.5 0.5714953271028037 1.0 0.2046728971962617
1 0.5 0.4196728971962617 1.0 0.16644859813084115
