0 0.17840170940170938 0.5735299145299145 0.044974358974358974 0.0401025641025641
0 0.2406153846153846 0.730991452991453 0.044974358974358974 0.0401025641025641
0 0.38576068376068373 0.6195641025641025 0.044974358974358974 0.0401025641025641
0 0.3717094017094017 0.5746153846153845 0.044974358974358974 0.0401025641025641
0 0.3361282051282051 0.45756410256410257 0.044974358974358974 0.0401025641025641
0 0.6844700854700855 0.7235042735042735 0.044974358974358974 0.0401025641025641
0 0.6868205128205128 0.4812307692307692 0.044974358974358974 0.0401025641025641
0 0.4909487179487179 0.49449572649572643 0.044974358974358974 0.0401025641025641
0 0.6156324786324786 0.7676153846153846 0.044974358974358974 0.0401025641025641
0 0.49012820512820515 0.6421111111111111 0.044974358974358974 0.0401025641025641
0 0.16003418803418804 0.796974358974359 0.044974358974358974 0.0401025641025641
1 0.5 0.7803418803418803 1.0 0.20512820512820512
1 0.4981196581196581 0.5376068376068376 0.9962393162393162 0.18632478632478633
1 0.5 0.2816239316239316 1.0 0.2230769230769231
2 0.5 0.5269230769230769 1.0 0.9461538461538461
