0 0.23006542056074766 0.24396261682242992 0.04551401869158879 0.050953271028037386
0 0.16129906542056074 0.39094392523364485 0.04551401869158879 0.050953271028037386
0 0.14646728971962616 0.6242242990654205 0.04551401869158879 0.050953271028037386
0 0.27861682242990654 0.44757943925233645 0.04551401869158879 0.050953271028037386
0 0.2907476635514019 0.35992523364485984 0.04551401869158879 0.050953271028037386
0 0.5051495327102804 0.31273831775700933 0.04551401869158879 0.050953271028037386
0 0.44582242990654203 0.5918598130841121 0.04551401869158879 0.050953271028037386
0 0.2840093457943925 0.6269158878504673 0.04551401869158879 0.050953271028037386
0 0.472785046728972 0.426 0.04551401869158879 0.050953271028037386
0 0.26917757009345794 0.16844859813084112 0.04551401869158879 0.050953271028037386
1 0.21630841121495326 0.35021495327102803 0.23037383177570092 0.6974018691588786
1 0.520518691588785 0.35183177570093455 0.2407196261682243 0.7029906542056075
1 0.8425233644859813 0.40522897196261687 0.28499065420560754 0.7018598130841122
2 0.49828504672897195 0.4975981308411214 0.9965700934579439 0.9951962616822428
