0 0.6852136752136753 0.29015384615384615 0.06461538461538462 0.06461538461538462
0 0.5143162393162393 0.2213247863247863 0.06461538461538462 0.06461538461538462
0 0.47405128205128205 0.15296581196581197 0.06461538461538462 0.06461538461538462
0 0.7662136752136752 0.16982051282051283 0.06461538461538462 0.06461538461538462
0 0.7877521367521367 0.2438034188034188 0.06461538461538462 0.06461538461538462
0 0.43472649572649574 0.34587179487179487 0.06461538461538462 0.06461538461538462
0 0.2708547008547008 0.2213247863247863 0.06461538461538462 0.06461538461538462
0 0.22215384615384617 0.4011196581196581 0.06461538461538462 0.06461538461538462
0 0.3008205128205128 0.3280769230769231 0.06461538461538462 0.06461538461538462
0 0.7418717948717949 0.39362393162393167 0.06461538461538462 0.06461538461538462
1 0.23062393162393166 0.4094230769230769 0.22492307692307695 0.5728119658119658
1 0.4971282051282051 0.3817564102564103 0.2313846153846154 0.5291196581196581
1 0.758457264957265 0.35262820512820514 0.24918803418803426 0.5355982905982906
2 0.5034188034188034 0.4564102564102564 0.9230769230769231 0.882051282051282
