0 0.29804672897196266 0.3069439252336449 0.05639252336448598 0.057532710280373836
0 0.14298130841121495 0.6833831775700935 0.05639252336448598 0.057532710280373836
0 0.17106542056074767 0.38672897196261685 0.05639252336448598 0.057532710280373836
0 0.09353271028037383 0.5305607476635514 0.05639252336448598 0.057532710280373836
0 0.4396355140186916 0.3226728971962617 0.05639252336448598 0.057532710280373836
0 0.6194205607476635 0.6159626168224299 0.05639252336448598 0.057532710280373836
0 0.35198130841121494 0.6519158878504673 0.05639252336448598 0.057532710280373836
0 0.711570093457944 0.7081028037383177 0.05639252336448598 0.057532710280373836
0 0.42277570093457945 0.7901308411214953 0.05639252336448598 0.057532710280373836
0 0.5340280373831775 0.35301869158878507 0.05639252336448598 0.057532710280373836
1 0.3649345794392523 0.376392523364486 0.7246728971962617 0.3428411214953271
1 0.39082242990654203 0.5818971962616822 0.7803551401869158 0.29157009345794394
1 0.40760280373831775 0.7965420560747664 0.8152056074766355 0.4069158878504673
2 0.4183317757009346 0.5689532710280374 0.8288130841121495 0.8591401869158879
