0 0.411940170940171 0.7258888888888888 0.053829059829059826 0.046940170940170944
0 0.6155470085470086 0.8018034188034188 0.053829059829059826 0.046940170940170944
0 0.6238290598290598 0.6886153846153845 0.053829059829059826 0.046940170940170944
0 0.639017094017094 0.5588547008547009 0.053829059829059826 0.046940170940170944
0 0.483034188034188 0.41667521367521365 0.053829059829059826 0.046940170940170944
0 0.19867521367521365 0.7521111111111112 0.053829059829059826 0.046940170940170944
0 0.21661538461538463 0.6913760683760684 0.053829059829059826 0.046940170940170944
0 0.38916239316239315 0.8197521367521368 0.053829059829059826 0.046940170940170944
0 0.6058888888888889 0.8694444444444445 0.053829059829059826 0.046940170940170944
0 0.7135555555555556 0.805948717948718 0.053829059829059826 0.046940170940170944
1 0.6752136752136753 0.49401709401709404 0.22564102564102564 0.8837606837606837
1 0.4473803418803418 0.42336324786324786 0.38098290598290596 0.7586581196581197
1 0.22872649572649573 0.38194871794871793 0.39755555555555555 0.7222222222222222
2 0.41794871794871796 0.497008547008547 0.8358974358974359 0.9632478632478633
