0 0.4727948717948718 0.2218974358974359 0.06092307692307693 0.06006837606837607
0 0.5246068376068376 0.5052991452991453 0.06092307692307693 0.06006837606837607
0 0.7085811965811966 0.5552564102564103 0.06092307692307693 0.06006837606837607
0 0.5684700854700855 0.26894871794871794 0.06092307692307693 0.06006837606837607
0 0.7646153846153846 0.6381111111111112 0.06092307692307693 0.06006837606837607
0 0.8413675213675214 0.7721282051282051 0.06092307692307693 0.06006837606837607
0 0.644 0.7051196581196582 0.06092307692307693 0.06006837606837607
0 0.4064273504273504 0.681965811965812 0.06092307692307693 0.06006837606837607
0 0.3394188034188034 0.5406410256410256 0.06092307692307693 0.06006837606837607
0 0.48350427350427355 0.3973675213675214 0.06092307692307693 0.06006837606837607
1 0.3829230769230769 0.5448846153846154 0.3508717948717949 0.9102307692307693
1 0.7028632478632478 0.5160811965811967 0.5942735042735042 0.8877179487179488
2 0.5226495726495727 0.4982905982905983 0.9547008547008548 0.9965811965811966
