0 0.5108037383177569 0.5327009345794392 0.04551401869158879 0.050953271028037386
0 0.5108037383177569 0.3057102803738318 0.04551401869158879 0.050953271028037386
0 0.5220373831775701 0.42482242990654207 0.04551401869158879 0.050953271028037386
0 0.4332616822429906 0.45066355140186914 0.04551401869158879 0.050953271028037386
0 0.5242897196261682 0.6181028037383177 0.04551401869158879 0.050953271028037386
0 0.7018317757009346 0.33829906542056076 0.04551401869158879 0.050953271028037386
0 0.8366728971962617 0.3922336448598131 0.04551401869158879 0.050953271028037386
0 0.7096915887850467 0.6349532710280373 0.04551401869158879 0.050953271028037386
0 0.8456635514018692 0.5967476635514019 0.04551401869158879 0.050953271028037386
0 0.4478691588785047 0.24728037383177567 0.04551401869158879 0.050953271028037386
1 0.16308411214953272 0.40654205607476634 0.2775700934579439 0.6953271028037383
1 0.4700934579439252 0.35467289719626166 0.25981308411214954 0.7
1 0.7742990654205607 0.35 0.23457943925233646 0.688785046728972
2 0.5 0.5 1.0 1.0
