0 0.4616355140186916 0.5549065420560748 0.05394392523364486 0.05394392523364486
0 0.4560093457943925 0.6279532710280373 0.05394392523364486 0.05394392523364486
0 0.6086448598130841 0.8077383177570093 0.05394392523364486 0.05394392523364486
0 0.31555140186915887 0.7627943925233646 0.05394392523364486 0.05394392523364486
0 0.6601495327102804 0.5230747663551403 0.05394392523364486 0.05394392523364486
0 0.4101308411214953 0.4781214953271028 0.05394392523364486 0.05394392523364486
0 0.3661214953271028 0.5783177570093457 0.05394392523364486 0.05394392523364486
0 0.7069719626168225 0.4322429906542056 0.05394392523364486 0.05394392523364486
0 0.170196261682243 0.7591028037383177 0.05394392523364486 0.05394392523364486
0 0.510429906542056 0.7512990654205607 0.05394392523364486 0.05394392523364486
0 0.16004672897196262 0.5367102803738317 0.05394392523364486 0.05394392523364486
2 0.5 0.5771775700934579 1.0 0.8456448598130841
1 0.5 0.2709345794392523 1.0 0.15345794392523363
1 0.5 0.441588785046729 1.0 0.22336448598130842
1 0.5 0.6733644859813084 1.0 0.24766355140186916
