0 0.19493457943925235 0.5245420560747663 0.06340186915887851 0.0545607476635514
0 0.5525420560747664 0.5374859813084112 0.06340186915887851 0.0545607476635514
0 0.32277570093457947 0.7980093457943925 0.06340186915887851 0.0545607476635514
0 0.18846728971962617 0.6815046728971963 0.06340186915887851 0.0545607476635514
0 0.41500000000000004 0.7057757009345794 0.06340186915887851 0.0545607476635514
0 0.2256822429906542 0.39994392523364486 0.06340186915887851 0.0545607476635514
0 0.7952616822429907 0.35626168224299065 0.06340186915887851 0.0545607476635514
0 0.5994672897196262 0.7446074766355141 0.06340186915887851 0.0545607476635514
0 0.4748785046728972 0.6329532710280373 0.06340186915887851 0.0545607476635514
0 0.8373364485981308 0.5342523364485982 0.06340186915887851 0.0545607476635514
1 0.5 0.6793271028037383 1.0 0.20076635514018687
1 0.5 0.397196261682243 1.0 0.1876635514018691
2 0.5 0.6130140186915888 1.0 0.7739719626168224
