0 0.565008547008547 0.5395811965811965 0.0401025641025641 0.0428034188034188
0 0.4450341880341881 0.7182564102564103 0.0401025641025641 0.0428034188034188
0 0.3292820512820513 0.5017094017094017 0.0401025641025641 0.0428034188034188
0 0.7292051282051282 0.6038034188034188 0.0401025641025641 0.0428034188034188
0 0.7168547008547009 0.45098290598290597 0.0401025641025641 0.0428034188034188
0 0.41632478632478637 0.15244444444444447 0.0401025641025641 0.0428034188034188
0 0.41632478632478637 0.30414529914529914 0.0401025641025641 0.0428034188034188
0 0.4341111111111111 0.38374358974358974 0.0401025641025641 0.0428034188034188
0 0.730957264957265 0.2582649572649573 0.0401025641025641 0.0428034188034188
0 0.5614615384615385 0.3107008547008547 0.0401025641025641 0.0428034188034188
1 0.30424786324786324 0.4822435897435898 0.2885641025641026 0.711974358974359
1 0.500042735042735 0.44920512820512815 0.3101367521367521 0.7443418803418803
1 0.6915213675213675 0.3892008547008547 0.3371111111111111 0.7214102564102564
2 0.5170940170940171 0.502991452991453 0.8205128205128205 0.994017094017094
