0 0.19001828153564898 0.44568555758683726 0.03703839122486289 0.03793418647166362
0 0.37224862888482635 0.4637568555758684 0.03703839122486289 0.03793418647166362
0 0.4276508226691042 0.6596252285191956 0.03703839122486289 0.03793418647166362
0 0.2216453382084095 0.6689853747714808 0.03703839122486289 0.03793418647166362
0 0.6227422303473491 0.6510420475319927 0.03703839122486289 0.03793418647166362
0 0.41595063985374775 0.7103473491773309 0.03703839122486289 0.03793418647166362
0 0.30875685557586835 0.22632541133455208 0.03703839122486289 0.03793418647166362
0 0.44735831809872034 0.17018281535648996 0.03703839122486289 0.03793418647166362
0 0.5456032906764168 0.4368464351005485 0.03703839122486289 0.03793418647166362
0 0.4894606946983547 0.3719378427787934 0.03703839122486289 0.03793418647166362
1 0.22191042047531992 0.48278793418647165 0.29648994515539306 0.7929798903107861
1 0.3895109689213894 0.4419789762340036 0.33158135283363804 0.781489945155393
1 0.5613711151736746 0.39462522851919557 0.3474588665447898 0.7754661791590494
2 0.40676416819012795 0.5 0.8135283363802559 1.0
