0 0.2602616822429907 0.6942710280373832 0.09439252336448598 0.08764485981308412
0 0.7160186915887851 0.2980934579439252 0.09439252336448598 0.08764485981308412
0 0.805018691588785 0.5569906542056074 0.09439252336448598 0.08764485981308412
0 0.20469158878504673 0.5715607476635515 0.09439252336448598 0.08764485981308412
0 0.09710280373831776 0.41581308411214957 0.09439252336448598 0.08764485981308412
0 0.5757943925233645 0.7117943925233645 0.09439252336448598 0.08764485981308412
0 0.9169439252336449 0.5877383177570094 0.09439252336448598 0.08764485981308412
0 0.5191588785046729 0.340981308411215 0.09439252336448598 0.08764485981308412
0 0.2117196261682243 0.30861682242990657 0.09439252336448598 0.08764485981308412
0 0.892392523364486 0.1929158878504673 0.09439252336448598 0.08764485981308412
1 0.4954532710280374 0.27026635514018693 0.9870560747663553 0.3775607476635514
1 0.49949999999999994 0.6150560747663552 0.9951495327102803 0.5056635514018691
2 0.49840186915887846 0.5000373831775701 0.9968037383177569 0.9967663551401869
