0 0.3422307692307692 0.8495128205128205 0.04213675213675214 0.04215384615384615
0 0.45965811965811965 0.675982905982906 0.04213675213675214 0.04215384615384615
0 0.9077264957264957 0.6872307692307692 0.04213675213675214 0.04215384615384615
0 0.6614529914529914 0.793982905982906 0.04213675213675214 0.04215384615384615
0 0.5444017094017094 0.7490341880341881 0.04213675213675214 0.04215384615384615
0 0.22040170940170942 0.7106410256410257 0.04213675213675214 0.04215384615384615
0 0.048102564102564103 0.7677606837606837 0.04213675213675214 0.04215384615384615
0 0.29738461538461536 0.7852136752136752 0.04213675213675214 0.04215384615384615
0 0.22631623931623934 0.6656581196581197 0.04213675213675214 0.04215384615384615
0 0.8282307692307692 0.8245811965811966 0.04213675213675214 0.04215384615384615
2 0.5 0.6693034188034188 1.0 0.6613931623931624
1 0.49901282051282053 0.7452692307692307 0.9980256410256411 0.23770085470085472
1 0.5 0.5634316239316238 1.0 0.18541025641025638
1 0.5 0.4281239316239316 1.0 0.15638461538461537
