0 0.15752236135957068 0.6681574239713775 0.05397137745974956 0.055062611806797855
0 0.2080679785330948 0.8513416815742397 0.05397137745974956 0.055062611806797855
0 0.5148389982110912 0.7872898032200358 0.05397137745974956 0.055062611806797855
0 0.18335420393559929 0.3984973166368515 0.05397137745974956 0.055062611806797855
0 0.6328264758497316 0.4906350626118068 0.05397137745974956 0.055062611806797855
0 0.3361717352415027 0.30972271914132377 0.05397137745974956 0.055062611806797855
0 0.44629695885509835 0.31646690518783543 0.05397137745974956 0.055062611806797855
0 0.33811270125223614 0.8940697674418605 0.05397137745974956 0.055062611806797855
0 0.3323881932021467 0.6383273703041145 0.05397137745974956 0.055062611806797855
0 0.49365831842576025 0.5602951699463327 0.05397137745974956 0.055062611806797855
1 0.35804114490161004 0.389087656529517 0.7160822898032201 0.32812164579606434
1 0.3877236135957066 0.5759928443649375 0.7754472271914132 0.279051878354204
1 0.40177101967799644 0.7922093023255814 0.8035420393559929 0.4155813953488372
2 0.40250447227191416 0.5791592128801432 0.8050089445438283 0.8416815742397138
