0 0.1904018691588785 0.4583831775700935 0.04409345794392523 0.04194392523364486
0 0.4219252336448598 0.6642990654205607 0.04409345794392523 0.04194392523364486
0 0.7449813084112149 0.6978504672897197 0.04409345794392523 0.04194392523364486
0 0.7300186915887851 0.45893457943925237 0.04409345794392523 0.04194392523364486
0 0.3294485981308411 0.35098130841121494 0.04409345794392523 0.04194392523364486
0 0.6201214953271028 0.48104672897196266 0.04409345794392523 0.04194392523364486
0 0.5777943925233645 0.4375327102803739 0.04409345794392523 0.04194392523364486
0 0.5454579439252336 0.6612710280373831 0.04409345794392523 0.04194392523364486
0 0.4381588785046729 0.4421214953271028 0.04409345794392523 0.04194392523364486
0 0.4615700934579439 0.5721775700934579 0.04409345794392523 0.04194392523364486
2 0.5 0.5005607476635514 1.0 0.9988785046728972
1 0.43050467289719624 0.5244626168224299 0.7696635514018692 0.6561401869158879
1 0.5703084112149532 0.34582242990654205 0.7077383177570093 0.5543925233644861
1 0.6791308411214952 0.24291121495327106 0.6417383177570094 0.48488785046728977
