0 0.8890280373831776 0.5308504672897196 0.06340186915887851 0.0545607476635514
0 0.2967943925233645 0.5463831775700935 0.06340186915887851 0.0545607476635514
0 0.07737383177570094 0.5250280373831775 0.06340186915887851 0.0545607476635514
0 0.3511588785046729 0.3366822429906542 0.06340186915887851 0.0545607476635514
0 0.22883177570093458 0.4007570093457944 0.06340186915887851 0.0545607476635514
0 0.7977663551401869 0.3444485981308411 0.06340186915887851 0.0545607476635514
0 0.7841682242990654 0.6162897196261682 0.06340186915887851 0.0545607476635514
0 0.38416822429906544 0.8065794392523364 0.06340186915887851 0.0545607476635514
0 0.09872897196261682 0.7308504672897196 0.06340186915887851 0.0545607476635514
0 0.5511588785046729 0.5386168224299066 0.06340186915887851 0.0545607476635514
1 0.4985514018691589 0.39816822429906545 0.9971028037383178 0.18766355140186922
1 0.5009766355140186 0.6845607476635515 0.9980467289719627 0.2007289719626168
2 0.4985514018691589 0.613196261682243 0.9971028037383178 0.773607476635514
