0 0.36217948717948717 0.23493162393162392 0.0404957264957265 0.044376068376068376
0 0.4872735042735043 0.1911111111111111 0.0404957264957265 0.044376068376068376
0 0.4374786324786325 0.4842735042735043 0.0404957264957265 0.044376068376068376
0 0.4718717948717949 0.6101965811965812 0.0404957264957265 0.044376068376068376
0 0.6116752136752136 0.5974444444444444 0.0404957264957265 0.044376068376068376
0 0.12607692307692306 0.7991965811965811 0.0404957264957265 0.044376068376068376
0 0.197017094017094 0.6352735042735043 0.0404957264957265 0.044376068376068376
0 0.5469059829059829 0.7177179487179487 0.0404957264957265 0.044376068376068376
0 0.6691538461538461 0.9152478632478632 0.0404957264957265 0.044376068376068376
0 0.9359658119658119 0.4806837606837607 0.0404957264957265 0.044376068376068376
1 0.505982905982906 0.5047008547008547 0.48717948717948717 0.9905982905982906
1 0.7957264957264957 0.4995726495726496 0.40854700854700854 0.9923076923076923
1 0.16794871794871793 0.5452991452991452 0.33589743589743587 0.9094017094017094
2 0.5 0.5 1.0 1.0
