0 0.7378691588785047 0.7281588785046729 0.07551401869158879 0.07314018691588786
0 0.5355981308411215 0.22977570093457944 0.07551401869158879 0.07314018691588786
0 0.45145794392523364 0.33009345794392525 0.07551401869158879 0.07314018691588786
0 0.32200934579439255 0.6440093457943925 0.07551401869158879 0.07314018691588786
0 0.071196261682243 0.6181214953271028 0.07551401869158879 0.07314018691588786
0 0.17314018691588784 0.5226542056074767 0.07551401869158879 0.07314018691588786
0 0.1245981308411215 0.27670093457943923 0.07551401869158879 0.07314018691588786
0 0.6278317757009345 0.3818785046728972 0.07551401869158879 0.07314018691588786
0 0.10679439252336448 0.19256074766355138 0.07551401869158879 0.07314018691588786
0 0.8754018691588784 0.27670093457943923 0.07551401869158879 0.07314018691588786
1 0.5 0.612892523364486 1.0 0.5071682242990655
1 0.5 0.2702616822429907 1.0 0.3675140186915888
2 0.5 0.5 1.0 1.0
