0 0.3577943925233645 0.6496728971962616 0.05639252336448598 0.057532710280373836
0 0.2998130841121495 0.6240560747663552 0.05639252336448598 0.057532710280373836
0 0.23220560747663552 0.8656915887850467 0.05639252336448598 0.057532710280373836
0 0.15453271028037383 0.8834953271028038 0.05639252336448598 0.057532710280373836
0 0.47329906542056077 0.8009719626168224 0.05639252336448598 0.057532710280373836
0 0.14482242990654207 0.6828504672897197 0.05639252336448598 0.057532710280373836
0 0.5040467289719627 0.5695794392523365 0.05639252336448598 0.057532710280373836
0 0.1723271028037383 0.3932056074766355 0.05639252336448598 0.057532710280373836
0 0.6124579439252337 0.6181214953271028 0.05639252336448598 0.057532710280373836
0 0.7160186915887851 0.713588785046729 0.05639252336448598 0.057532710280373836
1 0.408196261682243 0.7943551401869159 0.816392523364486 0.4112897196261683
1 0.3901822429906542 0.5844672897196261 0.7803644859813084 0.29157009345794394
1 0.36233644859813086 0.3747570093457944 0.7246728971962617 0.3428411214953271
2 0.4144065420560748 0.570429906542056 0.8288130841121496 0.8591401869158878
