0 0.6134299065420561 0.29223364485981307 0.06285981308411215 0.055869158878504674
0 0.29498130841121495 0.3077663551401869 0.06285981308411215 0.055869158878504674
0 0.5978971962616823 0.6436915887850467 0.06285981308411215 0.055869158878504674
0 0.6134299065420561 0.7699065420560747 0.06285981308411215 0.055869158878504674
0 0.6037196261682243 0.9330093457943925 0.06285981308411215 0.055869158878504674
0 0.32799065420560747 0.7388317757009345 0.06285981308411215 0.055869158878504674
0 0.2930373831775701 0.620392523364486 0.06285981308411215 0.055869158878504674
0 0.8173177570093457 0.23785981308411214 0.06285981308411215 0.055869158878504674
0 0.6386728971962616 0.4145607476635514 0.06285981308411215 0.055869158878504674
0 0.8192523364485982 0.6844672897196261 0.06285981308411215 0.055869158878504674
1 0.3435233644859813 0.48656542056074764 0.31476635514018697 0.9731308411214953
1 0.7085794392523364 0.5213551401869158 0.39345794392523364 0.8766355140186914
2 0.5242242990654207 0.48689719626168226 0.933177570093458 0.9737943925233645
