0 0.17909345794392523 0.5965140186915888 0.04551401869158879 0.050953271028037386
0 0.1532429906542056 0.35828971962616823 0.04551401869158879 0.050953271028037386
0 0.22628971962616823 0.48976635514018685 0.04551401869158879 0.050953271028037386
0 0.47013084112149534 0.5864018691588786 0.04551401869158879 0.050953271028037386
0 0.46563551401869163 0.30322429906542053 0.04551401869158879 0.050953271028037386
0 0.5442897196261682 0.47402803738317756 0.04551401869158879 0.050953271028037386
0 0.28492523364485983 0.34586915887850467 0.04551401869158879 0.050953271028037386
0 0.2889719626168224 0.6303831775700934 0.04551401869158879 0.050953271028037386
0 0.5761869158878504 0.6411775700934579 0.04551401869158879 0.050953271028037386
0 0.5640467289719626 0.22720560747663554 0.04551401869158879 0.050953271028037386
1 0.2004018691588785 0.3487009345794393 0.23037383177570092 0.6974018691588786
1 0.5114205607476636 0.35149532710280373 0.24071028037383177 0.7029906542056075
1 0.8403457943925234 0.41991588785046724 0.28499065420560754 0.7018504672897197
2 0.5 0.5 1.0 1.0
