0 0.5755213675213675 0.6298717948717949 0.056581196581196584 0.04747008547008547
0 0.3870683760683761 0.8520769230769231 0.056581196581196584 0.04747008547008547
0 0.6756324786324787 0.7940940170940172 0.056581196581196584 0.04747008547008547
0 0.8765470085470085 0.6997008547008546 0.056581196581196584 0.04747008547008547
0 0.9277948717948717 0.5675555555555555 0.056581196581196584 0.04747008547008547
0 0.6459658119658119 0.4583333333333333 0.056581196581196584 0.04747008547008547
0 0.3654957264957265 0.4583333333333333 0.056581196581196584 0.04747008547008547
0 0.10794017094017094 0.4232735042735043 0.056581196581196584 0.04747008547008547
0 0.0701880341880342 0.6147521367521367 0.056581196581196584 0.04747008547008547
0 0.08501709401709402 0.7738632478632478 0.056581196581196584 0.04747008547008547
1 0.7034188034188035 0.4782051282051282 0.28888888888888886 0.9085470085470085
1 0.42756410256410254 0.48675213675213674 0.2534188034188034 0.9068376068376068
1 0.1517094017094017 0.47307692307692306 0.2623931623931624 0.9324786324786325
2 0.5 0.5017094017094017 1.0 0.9965811965811966
