0 0.23624299065420562 0.2871495327102804 0.05433644859813084 0.05506542056074767
0 0.6365607476635514 0.26835514018691586 0.05433644859813084 0.05506542056074767
0 0.7848785046728972 0.562411214953271 0.05433644859813084 0.05506542056074767
0 0.6248130841121495 0.8237943925233645 0.05433644859813084 0.05506542056074767
0 0.1174766355140187 0.6064579439252337 0.05433644859813084 0.05506542056074767
0 0.22833644859813085 0.5 0.05433644859813084 0.05506542056074767
0 0.45007476635514015 0.7371495327102804 0.05433644859813084 0.05506542056074767
0 0.44714018691588786 0.6622616822429906 0.05433644859813084 0.05506542056074767
0 0.09912149532710281 0.8480186915887851 0.05433644859813084 0.05506542056074767
0 0.09912149532710281 0.8898691588785046 0.05433644859813084 0.05506542056074767
0 0.6226074766355141 0.5939813084112149 0.05433644859813084 0.05506542056074767
0 0.5206261682242991 0.28834579439252334 0.05433644859813084 0.05506542056074767
0 0.2074392523364486 0.07475700934579439 0.05433644859813084 0.05506542056074767
0 0.2398411214953271 0.33394392523364486 0.05433644859813084 0.05506542056074767
1 0.20450467289719626 0.5029579439252337 0.272392523364486 0.9911869158878505
1 0.7173504672897196 0.49965420560747664 0.2628504672897196 0.9860560747663553
