0 0.16849532710280374 0.3942710280373832 0.036710280373831776 0.036710280373831776
0 0.22576635514018692 0.4412616822429906 0.036710280373831776 0.036710280373831776
0 0.2889158878504673 0.7158598130841122 0.036710280373831776 0.036710280373831776
0 0.6237196261682243 0.7290747663551402 0.036710280373831776 0.036710280373831776
0 0.7903831775700935 0.7929532710280374 0.036710280373831776 0.036710280373831776
0 0.6398691588785046 0.4765046728971963 0.036710280373831776 0.036710280373831776
0 0.6773084112149533 0.2400841121495327 0.036710280373831776 0.036710280373831776
0 0.21549532710280375 0.221 0.036710280373831776 0.036710280373831776
0 0.3182803738317757 0.38105607476635517 0.036710280373831776 0.036710280373831776
0 0.12224299065420562 0.7261401869158879 0.036710280373831776 0.036710280373831776
1 0.2257570093457944 0.5069579439252336 0.35095327102803736 0.9787009345794393
1 0.7360327102803739 0.5076915887850467 0.2790000000000001 0.977233644859813
2 0.5007196261682243 0.5099018691588786 0.9977943925233643 0.9801962616822429
