0 0.1035233644859813 0.4981682242990654 0.06975700934579439 0.06386915887850468
0 0.08847663551401869 0.5881028037383177 0.06975700934579439 0.06386915887850468
0 0.24045794392523367 0.5469906542056074 0.06975700934579439 0.06386915887850468
0 0.41226168224299065 0.40161682242990654 0.06975700934579439 0.06386915887850468
0 0.490822429906542 0.32012149532710277 0.06975700934579439 0.06386915887850468
0 0.48641121495327105 0.765785046728972 0.06975700934579439 0.06386915887850468
0 0.5781962616822429 0.8560934579439252 0.06975700934579439 0.06386915887850468
0 0.7242990654205608 0.6049906542056075 0.06975700934579439 0.06386915887850468
0 0.8065327102803739 0.17768224299065422 0.06975700934579439 0.06386915887850468
0 0.801392523364486 0.0829626168224299 0.06975700934579439 0.06386915887850468
0 0.25807476635514015 0.07782242990654205 0.06975700934579439 0.06386915887850468
0 0.1758411214953271 0.16813084112149534 0.06975700934579439 0.06386915887850468
0 0.10535514018691589 0.113803738317757 0.06975700934579439 0.06386915887850468
1 0.17839719626168224 0.5007196261682243 0.33993457943925237 0.9970654205607478
1 0.5036542056074766 0.5003504672897197 0.3487476635514019 0.9963271028037385
1 0.8226682242990654 0.49704205607476626 0.33920560747663553 0.9911869158878505
2 0.5009065420560748 0.49961682242990657 0.9981869158878505 0.9977943925233645
