0 0.4045514018691589 0.8641682242990654 0.06828037383177571 0.07121495327102804
0 0.4302523364485981 0.7481682242990654 0.06828037383177571 0.07121495327102804
0 0.4045514018691589 0.6358317757009346 0.06828037383177571 0.07121495327102804
0 0.3986822429906542 0.1607943925233645 0.06828037383177571 0.07121495327102804
0 0.5881028037383177 0.37665420560747664 0.06828037383177571 0.07121495327102804
0 0.5888411214953271 0.17180373831775703 0.06828037383177571 0.07121495327102804
0 0.3939065420560748 0.3630747663551402 0.06828037383177571 0.07121495327102804
0 0.5682803738317757 0.321588785046729 0.06828037383177571 0.07121495327102804
0 0.41189719626168225 0.21365420560747664 0.06828037383177571 0.07121495327102804
0 0.39573831775700935 0.11453271028037383 0.06828037383177571 0.07121495327102804
0 0.6042616822429906 0.6284859813084113 0.06828037383177571 0.07121495327102804
0 0.3964766355140187 0.9199719626168225 0.06828037383177571 0.07121495327102804
2 0.5 0.5003878504672898 1.0 0.993392523364486
1 0.4952523364485981 0.5000233644859813 0.3502242990654205 0.9809065420560747
