0 0.6024205607476636 0.06534579439252336 0.07342056074766355 0.07269158878504672
0 0.6677663551401869 0.46989719626168225 0.07342056074766355 0.07269158878504672
0 0.7544018691588785 0.4001495327102804 0.07342056074766355 0.07269158878504672
0 0.7375140186915887 0.7378878504672897 0.07342056074766355 0.07269158878504672
0 0.5870000000000001 0.7217289719626169 0.07342056074766355 0.07269158878504672
0 0.20741121495327103 0.6975046728971963 0.07342056074766355 0.07269158878504672
0 0.16336448598130843 0.3715140186915888 0.07342056074766355 0.07269158878504672
0 0.33737383177570096 0.714392523364486 0.07342056074766355 0.07269158878504672
0 0.31901869158878504 0.6211401869158879 0.07342056074766355 0.07269158878504672
0 0.3359065420560748 0.6798785046728972 0.07342056074766355 0.07269158878504672
0 0.7955233644859814 0.6806168224299065 0.07342056074766355 0.07269158878504672
0 0.7793644859813084 0.6321588785046729 0.07342056074766355 0.07269158878504672
0 0.6163738317757009 0.15198130841121496 0.07342056074766355 0.07269158878504672
0 0.8087383177570093 0.0829626168224299 0.07342056074766355 0.07269158878504672
0 0.7507383177570093 0.08810280373831775 0.07342056074766355 0.07269158878504672
0 0.6185794392523365 0.30028971962616824 0.07342056074766355 0.07269158878504672
0 0.6082990654205608 0.39354205607476633 0.07342056074766355 0.07269158878504672
0 0.8021308411214954 0.34801869158878507 0.07342056074766355 0.07269158878504672
0 0.33442990654205607 0.3289252336448598 0.07342056074766355 0.07269158878504672
0 0.22576635514018692 0.12738317757009346 0.07342056074766355 0.07269158878504672
1 0.7055654205607476 0.49888317757009354 0.3414112149532711 0.9904579439252336
1 0.2609953271028037 0.49851401869158884 0.30690654205607476 0.9897196261682243
2 0.49980841121495323 0.4992570093457944 0.9996168224299065 0.9985140186915888
