0 0.8509532710280374 0.12334579439252336 0.11233644859813084 0.10792523364485981
0 0.8524205607476636 0.29882242990654206 0.11233644859813084 0.10792523364485981
0 0.8553644859813084 0.37077570093457946 0.11233644859813084 0.10792523364485981
0 0.5066074766355141 0.4214392523364486 0.11233644859813084 0.10792523364485981
0 0.3671028037383178 0.9214392523364486 0.11233644859813084 0.10792523364485981
0 0.5367102803738317 0.937588785046729 0.11233644859813084 0.10792523364485981
0 0.4809065420560748 0.6791495327102804 0.11233644859813084 0.10792523364485981
0 0.5176261682242991 0.49926168224299067 0.11233644859813084 0.10792523364485981
0 0.5227570093457944 0.5653457943925233 0.11233644859813084 0.10792523364485981
0 0.49706542056074765 0.11013084112149533 0.11233644859813084 0.10792523364485981
0 0.4464018691588785 0.24742990654205607 0.11233644859813084 0.10792523364485981
0 0.22723364485981307 0.10829906542056074 0.11233644859813084 0.10792523364485981
2 0.5007476635514019 0.5000233644859813 0.9985046728971964 0.9970560747663553
1 0.4174205607476636 0.5011214953271028 0.49706542056074765 0.9948598130841122
