0 0.7966261682242991 0.46182242990654204 0.07342056074766355 0.07121495327102804
0 0.1615233644859813 0.352785046728972 0.07342056074766355 0.07121495327102804
0 0.2290747663551402 0.35169158878504675 0.07342056074766355 0.07121495327102804
0 0.22246728971962615 0.39941121495327103 0.07342056074766355 0.07121495327102804
0 0.6035233644859813 0.43098130841121496 0.07342056074766355 0.07121495327102804
0 0.613803738317757 0.3208504672897196 0.07342056074766355 0.07121495327102804
0 0.8164485981308411 0.3597663551401869 0.07342056074766355 0.07121495327102804
0 0.8120373831775701 0.31203738317757007 0.07342056074766355 0.07121495327102804
0 0.8002897196261681 0.2628504672897196 0.07342056074766355 0.07121495327102804
0 0.20778504672897197 0.05873831775700935 0.07342056074766355 0.07121495327102804
0 0.814981308411215 0.685018691588785 0.07342056074766355 0.07121495327102804
0 0.384 0.6607943925233645 0.07342056074766355 0.07121495327102804
0 0.39354205607476633 0.7474299065420561 0.07342056074766355 0.07121495327102804
0 0.6101308411214954 0.7334766355140188 0.07342056074766355 0.07121495327102804
0 0.40161682242990654 0.40601869158878506 0.07342056074766355 0.07121495327102804
0 0.39941121495327103 0.35462616822429904 0.07342056074766355 0.07121495327102804
0 0.39794392523364486 0.4610841121495327 0.07342056074766355 0.07121495327102804
0 0.5440560747663551 0.7378878504672897 0.07342056074766355 0.07121495327102804
0 0.8193831775700935 0.7298130841121495 0.07342056074766355 0.07121495327102804
0 0.8142429906542056 0.4133644859813084 0.07342056074766355 0.07121495327102804
0 0.3428785046728972 0.3641682242990654 0.07342056074766355 0.07121495327102804
0 0.3304018691588785 0.3091028037383178 0.07342056074766355 0.07121495327102804
1 0.259196261682243 0.5080981308411215 0.36123364485981313 0.9779719626168225
1 0.678070093457944 0.5018598130841122 0.34875700934579434 0.99192523364486
2 0.5000233644859813 0.5018457943925234 0.9985327102803739 0.9963084112149533
