0 0.4585140186915888 0.23348598130841122 0.06241121495327103 0.06314018691588785
0 0.23421495327102804 0.511018691588785 0.06241121495327103 0.06314018691588785
0 0.7232056074766355 0.5829626168224299 0.06241121495327103 0.06314018691588785
0 0.7121869158878504 0.6593271028037383 0.06241121495327103 0.06314018691588785
0 0.4632897196261683 0.7202616822429906 0.06241121495327103 0.06314018691588785
0 0.4581495327102804 0.4823831775700934 0.06241121495327103 0.06314018691588785
0 0.4904579439252336 0.4023457943925234 0.06241121495327103 0.06314018691588785
0 0.7055794392523365 0.3465514018691589 0.06241121495327103 0.06314018691588785
0 0.11233644859813084 0.3803271028037383 0.06241121495327103 0.06314018691588785
0 0.5668130841121496 0.5807663551401869 0.06241121495327103 0.06314018691588785
0 0.3942710280373832 0.7466915887850467 0.06241121495327103 0.06314018691588785
0 0.03744859813084112 0.8942710280373832 0.06241121495327103 0.06314018691588785
0 0.7180654205607477 0.8641682242990654 0.06241121495327103 0.06314018691588785
0 0.721 0.4273084112149533 0.06241121495327103 0.06314018691588785
0 0.39941121495327103 0.221 0.06241121495327103 0.06314018691588785
0 0.07635514018691589 0.5778317757009346 0.06241121495327103 0.06314018691588785
0 0.19824299065420561 0.7885420560747664 0.06241121495327103 0.06314018691588785
1 0.8153644859813085 0.5018551401869159 0.2826728971962616 0.993392523364486
1 0.19605607476635514 0.5000233644859813 0.37151401869158884 0.9970560747663553
2 0.5003785046728971 0.49965420560747664 0.9992429906542056 0.9977943925233645
1 0.5128691588785047 0.4985514018691589 0.3135140186915888 0.9897196261682243
