0 0.5781962616822429 0.5748878504672897 0.08663551401869159 0.08734579439252337
0 0.5767289719626169 0.7812056074766355 0.08663551401869159 0.08734579439252337
0 0.5407476635514019 0.7173271028037382 0.08663551401869159 0.08734579439252337
0 0.5921401869158879 0.34801869158878507 0.08663551401869159 0.08734579439252337
0 0.41079439252336447 0.4941214953271028 0.08663551401869159 0.08734579439252337
0 0.43282242990654207 0.627018691588785 0.08663551401869159 0.08734579439252337
0 0.2000747663551402 0.5678971962616822 0.08663551401869159 0.08734579439252337
0 0.2228317757009346 0.4625514018691589 0.08663551401869159 0.08734579439252337
0 0.36747663551401866 0.39941121495327103 0.08663551401869159 0.08734579439252337
0 0.6075607476635514 0.20557943925233646 0.08663551401869159 0.08734579439252337
0 0.5568971962616822 0.1218785046728972 0.08663551401869159 0.08734579439252337
0 0.5936074766355139 0.8443457943925234 0.08663551401869159 0.08734579439252337
1 0.46510747663551405 0.4706121495327103 0.35683177570093466 0.7914859813084112
2 0.5005420560747664 0.4999859813084112 0.9989158878504673 0.9985327102803739
