0 0.28560747663551406 0.18061682242990654 0.07121495327102804 0.06607476635514019
0 0.2852429906542056 0.47797196261682245 0.07121495327102804 0.06607476635514019
0 0.6765794392523365 0.49853271028037377 0.07121495327102804 0.06607476635514019
0 0.6824485981308411 0.22393457943925235 0.07121495327102804 0.06607476635514019
0 0.6839158878504673 0.589570093457944 0.07121495327102804 0.06607476635514019
0 0.2808317757009346 0.564607476635514 0.07121495327102804 0.06607476635514019
0 0.6163738317757009 0.8487476635514019 0.07121495327102804 0.06607476635514019
0 0.34177570093457943 0.10792523364485981 0.07121495327102804 0.06607476635514019
0 0.6787757009345794 0.09912149532710281 0.07121495327102804 0.06607476635514019
0 0.40198130841121493 0.48604672897196266 0.07121495327102804 0.06607476635514019
0 0.3865607476635514 0.5829626168224299 0.07121495327102804 0.06607476635514019
0 0.7426542056074766 0.5433177570093458 0.07121495327102804 0.06607476635514019
0 0.7845046728971963 0.8193831775700935 0.07121495327102804 0.06607476635514019
0 0.7757009345794392 0.8972056074766355 0.07121495327102804 0.06607476635514019
0 0.22797196261682243 0.8208504672897196 0.07121495327102804 0.06607476635514019
2 0.5005420560747664 0.49962616822429906 0.9989158878504673 0.9992523364485981
1 0.3079813084112149 0.49888317757009343 0.2511028037383178 0.9963271028037383
1 0.7007897196261682 0.4996121495327102 0.24815887850467286 0.993392523364486
