0 0.2621121495327103 0.12041121495327103 0.08149532710280374 0.08297196261682244
0 0.5080747663551402 0.49485981308411214 0.08149532710280374 0.08297196261682244
0 0.4911869158878505 0.6160093457943925 0.08149532710280374 0.08297196261682244
0 0.263588785046729 0.06974766355140187 0.08149532710280374 0.08297196261682244
0 0.43098130841121496 0.1534485981308411 0.08149532710280374 0.08297196261682244
0 0.31717757009345793 0.6615233644859814 0.08149532710280374 0.08297196261682244
0 0.26101869158878505 0.47760747663551406 0.08149532710280374 0.08297196261682244
0 0.26799065420560747 0.5374485981308411 0.08149532710280374 0.08297196261682244
0 0.2878130841121495 0.600588785046729 0.08149532710280374 0.08297196261682244
0 0.4295140186915888 0.09985046728971964 0.08149532710280374 0.08297196261682244
2 0.49927570093457946 0.5018457943925234 0.9985514018691589 0.9963084112149533
1 0.3656635514018691 0.5003878504672897 0.49485981308411214 0.988981308411215
