0 0.4625514018691589 0.09912149532710281 0.08149532710280374 0.07708411214953272
0 0.2812056074766355 0.31277570093457946 0.08149532710280374 0.07708411214953272
0 0.3450841121495327 0.07342056074766355 0.08149532710280374 0.07708411214953272
0 0.1674018691588785 0.08223364485981308 0.08149532710280374 0.07708411214953272
0 0.13178504672897196 0.23238317757009347 0.08149532710280374 0.07708411214953272
0 0.52496261682243 0.4904579439252336 0.08149532710280374 0.07708411214953272
0 0.4787102803738318 0.6372990654205607 0.08149532710280374 0.07708411214953272
0 0.7812056074766355 0.542588785046729 0.08149532710280374 0.07708411214953272
0 0.7621121495327103 0.3054299065420561 0.08149532710280374 0.07708411214953272
0 0.4765046728971963 0.36049532710280374 0.08149532710280374 0.07708411214953272
0 0.14464485981308411 0.519822429906542 0.08149532710280374 0.07708411214953272
0 0.09912149532710281 0.7261401869158879 0.08149532710280374 0.07708411214953272
0 0.19383177570093457 0.6894299065420562 0.08149532710280374 0.07708411214953272
0 0.4412616822429906 0.7488971962616823 0.08149532710280374 0.07708411214953272
0 0.7305420560747663 0.7511028037383177 0.08149532710280374 0.07708411214953272
0 0.7048504672897197 0.3179158878504673 0.08149532710280374 0.07708411214953272
0 0.7775327102803739 0.35169158878504675 0.08149532710280374 0.07708411214953272
0 0.5484579439252336 0.24742990654205607 0.08149532710280374 0.07708411214953272
2 0.5003785046728971 0.5000233644859813 0.9992429906542056 0.9970560747663553
1 0.19826168224299068 0.5007570093457945 0.39353271028037384 0.9926542056074767
1 0.5003878504672897 0.5011261682242991 0.3252616822429906 0.9860467289719625
1 0.8186728971962617 0.5014906542056075 0.35095327102803736 0.9911869158878506
