0 0.20117757009345794 0.07122429906542055 0.04992523364485982 0.053588785046728975
0 0.2533084112149533 0.10645794392523364 0.04992523364485982 0.053588785046728975
0 0.4317196261682243 0.12114953271028037 0.04992523364485982 0.053588785046728975
0 0.5704859813084112 0.8663738317757009 0.04992523364485982 0.053588785046728975
0 0.6350934579439252 0.4001495327102804 0.04992523364485982 0.053588785046728975
0 0.4478691588785047 0.40198130841121493 0.04992523364485982 0.053588785046728975
0 0.4104299065420561 0.7848785046728972 0.04992523364485982 0.053588785046728975
0 0.42511214953271026 0.8458130841121495 0.04992523364485982 0.053588785046728975
0 0.5792990654205608 0.8267289719626169 0.04992523364485982 0.053588785046728975
0 0.627018691588785 0.1593271028037383 0.04992523364485982 0.053588785046728975
0 0.6013177570093458 0.6519813084112149 0.04992523364485982 0.053588785046728975
1 0.3168364485981308 0.46735046728971963 0.341411214953271 0.8876728971962617
1 0.6777009345794393 0.48276635514018695 0.2613831775700935 0.8773831775700935
2 0.49450467289719624 0.49047663551401877 0.9890093457943925 0.9765046728971961
