0 0.3304018691588785 0.538177570093458 0.07635514018691589 0.07269158878504672
0 0.4170373831775701 0.390607476635514 0.07635514018691589 0.07269158878504672
0 0.5565327102803739 0.11673831775700934 0.07635514018691589 0.07269158878504672
0 0.4875140186915888 0.2312803738317757 0.07635514018691589 0.07269158878504672
0 0.3304018691588785 0.4765046728971963 0.07635514018691589 0.07269158878504672
0 0.5785607476635514 0.9464018691588785 0.07635514018691589 0.07269158878504672
0 0.6578598130841121 0.9588878504672897 0.07635514018691589 0.07269158878504672
0 0.5602056074766355 0.8920747663551402 0.07635514018691589 0.07269158878504672
0 0.6284859813084113 0.8406728971962617 0.07635514018691589 0.07269158878504672
0 0.6057289719626168 0.49706542056074765 0.07635514018691589 0.07269158878504672
0 0.6049906542056075 0.4067570093457944 0.07635514018691589 0.07269158878504672
0 0.3502242990654206 0.09214018691588785 0.07635514018691589 0.07269158878504672
1 0.4754299065420561 0.5011214953271027 0.5337757009345794 0.9889906542056075
2 0.49965420560747664 0.5018457943925234 0.9977943925233645 0.9963084112149533
