0 0.4162990654205607 0.5859065420560747 0.08590654205607477 0.08076635514018692
0 0.5675514018691589 0.2745981308411215 0.08590654205607477 0.08076635514018692
0 0.4801775700934579 0.047719626168224304 0.08590654205607477 0.08076635514018692
0 0.437588785046729 0.23200934579439253 0.08590654205607477 0.08076635514018692
0 0.5455233644859814 0.17107476635514018 0.08590654205607477 0.08076635514018692
0 0.42364485981308414 0.9390560747663551 0.08590654205607477 0.08076635514018692
0 0.41557009345794393 0.8884018691588785 0.08590654205607477 0.08076635514018692
0 0.24082242990654207 0.6549158878504673 0.08590654205607477 0.08076635514018692
0 0.4295140186915888 0.676214953271028 0.08590654205607477 0.08076635514018692
0 0.4386915887850467 0.2914859813084112 0.08590654205607477 0.08076635514018692
2 0.49965420560747664 0.5000233644859813 0.9992710280373832 0.9970560747663553
1 0.8443691588785046 0.4996588785046729 0.2804766355140187 0.9933925233644858
1 0.49010747663551396 0.5003878504672897 0.3311308411214954 0.9904579439252336
1 0.18027102803738318 0.4963551401869158 0.23861682242990653 0.9897196261682243
