0 0.3032336448598131 0.2738598130841121 0.06682242990654205 0.06314018691588785
0 0.2892803738317757 0.4625514018691589 0.06682242990654205 0.06314018691588785
0 0.37224299065420563 0.6057289719626168 0.06682242990654205 0.06314018691588785
0 0.2980934579439252 0.760644859813084 0.06682242990654205 0.06314018691588785
0 0.27239252336448594 0.6424392523364486 0.06682242990654205 0.06314018691588785
0 0.6806168224299065 0.6710747663551402 0.06682242990654205 0.06314018691588785
0 0.6292242990654205 0.6835514018691589 0.06682242990654205 0.06314018691588785
0 0.6703364485981308 0.4464018691588785 0.06682242990654205 0.06314018691588785
0 0.6262803738317757 0.4955981308411215 0.06682242990654205 0.06314018691588785
0 0.6674018691588786 0.2400841121495327 0.06682242990654205 0.06314018691588785
0 0.6152710280373832 0.9111588785046729 0.06682242990654205 0.06314018691588785
0 0.6182056074766356 0.9559439252336449 0.06682242990654205 0.06314018691588785
0 0.6688691588785047 0.9515420560747664 0.06682242990654205 0.06314018691588785
0 0.34361682242990654 0.8171775700934579 0.06682242990654205 0.06314018691588785
0 0.28634579439252333 0.9508130841121495 0.06682242990654205 0.06314018691588785
0 0.7503644859813084 0.8105700934579438 0.06682242990654205 0.06314018691588785
0 0.7775327102803739 0.6461121495327103 0.06682242990654205 0.06314018691588785
0 0.739355140186916 0.32672897196261685 0.06682242990654205 0.06314018691588785
0 0.3759158878504673 0.37885981308411215 0.06682242990654205 0.06314018691588785
0 0.379588785046729 0.13509345794392524 0.06682242990654205 0.06314018691588785
0 0.7254018691588785 0.10792523364485981 0.06682242990654205 0.06314018691588785
0 0.6659345794392523 0.06020560747663552 0.06682242990654205 0.06314018691588785
0 0.2852429906542056 0.2430280373831776 0.06682242990654205 0.06314018691588785
2 0.5 0.49855607476635516 1.0 0.9970560747663553
1 0.32271028037383176 0.4970841121495327 0.26358878504672895 0.9926542056074767
1 0.6931214953271028 0.49965420560747675 0.28487850467289716 0.9845794392523365
