0 0.6897943925233645 0.15822429906542057 0.06607476635514019 0.07269158878504672
0 0.6662990654205608 0.6277570093457945 0.06607476635514019 0.07269158878504672
0 0.6354579439252337 0.19089719626168222 0.06607476635514019 0.07269158878504672
0 0.5201869158878505 0.8817943925233644 0.06607476635514019 0.07269158878504672
0 0.3696728971962617 0.19457009345794393 0.06607476635514019 0.07269158878504672
0 0.6303271028037384 0.49192523364485985 0.06607476635514019 0.07269158878504672
0 0.6883271028037383 0.4963271028037384 0.06607476635514019 0.07269158878504672
0 0.41005607476635514 0.7716542056074766 0.06607476635514019 0.07269158878504672
0 0.4629252336448598 0.7327476635514019 0.06607476635514019 0.07269158878504672
0 0.43796261682242993 0.538177570093458 0.06607476635514019 0.07269158878504672
1 0.5084252336448598 0.5003504672897197 0.5227570093457945 0.9978037383177571
2 0.5001728971962617 0.49961682242990657 0.9996542056074768 0.9977943925233645
