0 0.551392523364486 0.7929532710280374 0.08957009345794392 0.08442990654205608
0 0.5565327102803739 0.739355140186916 0.08957009345794392 0.08442990654205608
0 0.5565327102803739 0.6920000000000001 0.08957009345794392 0.08442990654205608
0 0.397214953271028 0.6674018691588786 0.08957009345794392 0.08442990654205608
0 0.3619719626168224 0.165196261682243 0.08957009345794392 0.08442990654205608
0 0.2437570093457944 0.05727102803738318 0.08957009345794392 0.08442990654205608
0 0.2914859813084112 0.770196261682243 0.08957009345794392 0.08442990654205608
0 0.2914859813084112 0.770196261682243 0.08957009345794392 0.08442990654205608
0 0.5800280373831775 0.32012149532710277 0.08957009345794392 0.08442990654205608
1 0.41926168224299065 0.49965420560747675 0.44200000000000006 0.9948598130841122
2 0.5 0.49928504672897195 1.0 0.9985327102803739
