0 0.4269439252336448 0.5969158878504673 0.10205607476635514 0.10057943925233645
0 0.4629252336448598 0.8884018691588785 0.10205607476635514 0.10057943925233645
0 0.5781962616822429 0.6372990654205607 0.10205607476635514 0.10057943925233645
0 0.5392803738317756 0.7731308411214953 0.10205607476635514 0.10057943925233645
0 0.3359065420560748 0.379588785046729 0.10205607476635514 0.10057943925233645
0 0.321214953271028 0.6431682242990655 0.10205607476635514 0.10057943925233645
0 0.5458878504672897 0.44714018691588786 0.10205607476635514 0.10057943925233645
0 0.5763551401869159 0.312411214953271 0.10205607476635514 0.10057943925233645
0 0.573785046728972 0.10792523364485981 0.10205607476635514 0.10057943925233645
0 0.36527102803738315 0.2466915887850467 0.10205607476635514 0.10057943925233645
2 0.5007196261682243 0.500714953271028 0.9948598130841122 0.9941214953271026
1 0.5109953271028037 0.49961682242990657 0.5161588785046729 0.9977943925233645
