0 0.5833364485981308 0.937588785046729 0.09618691588785047 0.09985046728971964
0 0.4717289719626168 0.7481682242990654 0.09618691588785047 0.09985046728971964
0 0.674373831775701 0.08223364485981308 0.09618691588785047 0.09985046728971964
0 0.5928785046728972 0.13289719626168223 0.09618691588785047 0.09985046728971964
0 0.5796635514018692 0.19457009345794393 0.09618691588785047 0.09985046728971964
0 0.3425140186915888 0.10205607476635514 0.09618691588785047 0.09985046728971964
0 0.711822429906542 0.8604953271028037 0.09618691588785047 0.09985046728971964
0 0.649411214953271 0.59103738317757 0.09618691588785047 0.09985046728971964
0 0.6552897196261682 0.5301028037383178 0.09618691588785047 0.09985046728971964
0 0.35021495327102803 0.48457943925233643 0.09618691588785047 0.09985046728971964
1 0.47832242990654206 0.4996121495327102 0.6549252336448599 0.993392523364486
2 0.5001728971962617 0.4992476635514018 0.9996542056074768 0.997056074766355
