0 0.8032336448598131 0.6806168224299065 0.0616822429906542 0.058
0 0.36857943925233644 0.7481682242990654 0.0616822429906542 0.058
0 0.2782710280373832 0.7121869158878504 0.0616822429906542 0.058
0 0.2496355140186916 0.17547663551401868 0.0616822429906542 0.058
0 0.33773831775700935 0.14097196261682243 0.0616822429906542 0.058
0 0.6872242990654206 0.13803738317757008 0.0616822429906542 0.058
0 0.6820841121495328 0.17547663551401868 0.0616822429906542 0.058
0 0.6938317757009346 0.384 0.0616822429906542 0.058
0 0.7422897196261682 0.428785046728972 0.0616822429906542 0.058
0 0.7745981308411215 0.35536448598130843 0.0616822429906542 0.058
0 0.31057009345794395 0.6710747663551402 0.0616822429906542 0.058
0 0.8186542056074767 0.7540373831775702 0.0616822429906542 0.058
0 0.22320560747663554 0.6967663551401869 0.0616822429906542 0.058
0 0.7334766355140188 0.9632897196261683 0.0616822429906542 0.058
0 0.23642056074766354 0.9500747663551402 0.0616822429906542 0.058
0 0.7929532710280374 0.4713644859813084 0.0616822429906542 0.058
0 0.25477570093457946 0.4280467289719626 0.0616822429906542 0.058
0 0.2606448598130841 0.3784859813084112 0.0616822429906542 0.058
0 0.3494859813084112 0.3803271028037383 0.0616822429906542 0.058
0 0.3494859813084112 0.4104299065420561 0.0616822429906542 0.058
0 0.3076355140186916 0.45374766355140184 0.0616822429906542 0.058
1 0.2808598130841121 0.5003878504672898 0.2415514018691589 0.993392523364486
1 0.7239579439252336 0.5000233644859813 0.24522429906542054 0.992663551401869
2 0.5000233644859813 0.49965420560747675 0.9970560747663553 0.9948598130841122
