0 0.3366355140186916 0.06387850467289719 0.06975700934579439 0.06975700934579439
0 0.19603738317757008 0.4188691588785047 0.06975700934579439 0.06975700934579439
0 0.33737383177570096 0.7511028037383177 0.06975700934579439 0.06975700934579439
0 0.7404579439252336 0.8047009345794393 0.06975700934579439 0.06975700934579439
0 0.6538130841121496 0.5271682242990655 0.06975700934579439 0.06975700934579439
0 0.6384018691588785 0.2290747663551402 0.06975700934579439 0.06975700934579439
0 0.3447102803738318 0.43685981308411215 0.06975700934579439 0.06975700934579439
0 0.3256261682242991 0.5374392523364485 0.06975700934579439 0.06975700934579439
0 0.22062616822429906 0.3311308411214953 0.06975700934579439 0.06975700934579439
0 0.15014953271028036 0.3487476635514019 0.06975700934579439 0.06975700934579439
0 0.20594392523364488 0.3737196261682243 0.06975700934579439 0.06975700934579439
0 0.2793644859813084 0.10278504672897197 0.06975700934579439 0.06975700934579439
0 0.3388411214953271 0.11086915887850467 0.06975700934579439 0.06975700934579439
1 0.2679672897196262 0.4977803738317757 0.30470093457943925 0.9941214953271028
1 0.7481448598130841 0.49998130841121496 0.3281962616822431 0.9897196261682243
2 0.5010841121495326 0.4999859813084112 0.9970654205607475 0.9985327102803739
