0 0.6453738317757008 0.455214953271028 0.08663551401869159 0.08517757009345794
0 0.6593271028037383 0.6674018691588786 0.08663551401869159 0.08517757009345794
0 0.6468411214953271 0.5565327102803739 0.08663551401869159 0.08517757009345794
0 0.7973551401869159 0.4177663551401869 0.08663551401869159 0.08517757009345794
0 0.6321588785046729 0.08149532710280374 0.08663551401869159 0.08517757009345794
0 0.4434672897196262 0.3986822429906542 0.08663551401869159 0.08517757009345794
0 0.2599158878504673 0.09104672897196261 0.08663551401869159 0.08517757009345794
0 0.5447850467289719 0.08516822429906541 0.08663551401869159 0.08517757009345794
0 0.19383177570093457 0.09618691588785047 0.08663551401869159 0.08517757009345794
0 0.33773831775700935 0.4706355140186916 0.08663551401869159 0.08517757009345794
0 0.2085140186915888 0.15491588785046728 0.08663551401869159 0.08517757009345794
0 0.7525700934579439 0.07783177570093458 0.08663551401869159 0.08517757009345794
1 0.720285046728972 0.5014906542056075 0.43318691588785047 0.9867757009345793
2 0.5000233644859813 0.5029485981308411 0.9985327102803739 0.9941028037383178
1 0.27571962616822426 0.502588785046729 0.46770093457943923 0.9845794392523365
