0 0.5660841121495327 0.8480186915887851 0.06314018691588785 0.06241121495327103
0 0.32672897196261685 0.24779439252336447 0.06314018691588785 0.06241121495327103
0 0.45961682242990654 0.4801775700934579 0.06314018691588785 0.06241121495327103
0 0.7356822429906542 0.4809065420560748 0.06314018691588785 0.06241121495327103
0 0.5859065420560747 0.6196728971962616 0.06314018691588785 0.06241121495327103
0 0.739355140186916 0.19383177570093457 0.06314018691588785 0.06241121495327103
0 0.4478691588785047 0.19971028037383176 0.06314018691588785 0.06241121495327103
0 0.321588785046729 0.41997196261682246 0.06314018691588785 0.06241121495327103
0 0.5212897196261682 0.5521308411214954 0.06314018691588785 0.06241121495327103
0 0.42217757009345797 0.7415607476635514 0.06314018691588785 0.06241121495327103
0 0.2819345794392524 0.9265794392523365 0.06314018691588785 0.06241121495327103
0 0.2907476635514019 0.7782710280373831 0.06314018691588785 0.06241121495327103
0 0.3318691588785047 0.5330373831775701 0.06314018691588785 0.06241121495327103
0 0.7224672897196261 0.7819345794392523 0.06314018691588785 0.06241121495327103
0 0.7261401869158879 0.8164485981308411 0.06314018691588785 0.06241121495327103
0 0.5323084112149533 0.9581495327102804 0.06314018691588785 0.06241121495327103
0 0.5257009345794392 0.5961869158878504 0.06314018691588785 0.06241121495327103
1 0.33445794392523365 0.5029485981308411 0.3135140186915888 0.9941028037383178
1 0.6266728971962616 0.5352523364485982 0.28560747663551406 0.9294953271028037
2 0.5000093457943925 0.502214953271028 0.999981308411215 0.9955700934579439
