0 0.23751401869158878 0.48531775700934576 0.07489719626168224 0.07269158878504672
0 0.23678504672897197 0.6255514018691589 0.07489719626168224 0.07269158878504672
0 0.9012429906542057 0.14170093457943925 0.07489719626168224 0.07269158878504672
0 0.9218037383177571 0.437588785046729 0.07489719626168224 0.07269158878504672
0 0.6347289719626168 0.6174766355140188 0.07489719626168224 0.07269158878504672
0 0.5539626168224299 0.7026448598130841 0.07489719626168224 0.07269158878504672
0 0.17657943925233643 0.24082242990654207 0.07489719626168224 0.07269158878504672
0 0.1156355140186916 0.20154205607476636 0.07489719626168224 0.07269158878504672
0 0.23751401869158878 0.38399065420560746 0.07489719626168224 0.07269158878504672
0 0.10095327102803738 0.5440560747663551 0.07489719626168224 0.07269158878504672
0 0.9254766355140187 0.5315700934579439 0.07489719626168224 0.07269158878504672
0 0.9364859813084112 0.8296635514018692 0.07489719626168224 0.07269158878504672
2 0.5009065420560748 0.4996121495327102 0.9981869158878505 0.9963271028037383
1 0.5113598130841122 0.49888317757009343 0.3803271028037383 0.993392523364486
