0 0.4900841121495327 0.35902803738317757 0.05579439252336449 0.05433644859813084
0 0.13986915887850468 0.20117757009345794 0.05579439252336449 0.05433644859813084
0 0.8344299065420561 0.5425794392523364 0.05579439252336449 0.05433644859813084
0 0.4981682242990654 0.6681308411214953 0.05579439252336449 0.05433644859813084
0 0.738981308411215 0.2782710280373832 0.05579439252336449 0.05433644859813084
0 0.2397196261682243 0.4750373831775701 0.05579439252336449 0.05433644859813084
0 0.40858878504672896 0.7268691588785047 0.05579439252336449 0.05433644859813084
0 0.509177570093458 0.734214953271028 0.05579439252336449 0.05433644859813084
0 0.7617476635514019 0.6196728971962616 0.05579439252336449 0.05433644859813084
0 0.2022803738317757 0.8472803738317757 0.05579439252336449 0.05433644859813084
1 0.17582710280373834 0.5120981308411215 0.3465514018691589 0.9728317757009346
1 0.5051214953271028 0.5110046728971962 0.36637383177570093 0.9779906542056075
1 0.8316728971962617 0.510626168224299 0.33665420560747666 0.9742990654205608
2 0.5003504672897197 0.5091635514018692 0.9985327102803737 0.980177570093458
