0 0.8087383177570093 0.5396448598130841 0.09177570093457944 0.09177570093457944
0 0.2775327102803738 0.25881308411214954 0.09177570093457944 0.09177570093457944
0 0.4996355140186916 0.8575607476635514 0.09177570093457944 0.09177570093457944
0 0.9313457943925233 0.7129252336448598 0.09177570093457944 0.09177570093457944
0 0.48200934579439253 0.22246728971962615 0.09177570093457944 0.09177570093457944
0 0.1339906542056075 0.19603738317757008 0.09177570093457944 0.09177570093457944
0 0.3021308411214953 0.7011775700934579 0.09177570093457944 0.09177570093457944
0 0.6303271028037384 0.6894299065420562 0.09177570093457944 0.09177570093457944
0 0.6185794392523365 0.7966168224299065 0.09177570093457944 0.09177570093457944
0 0.14354205607476636 0.4434672897196262 0.09177570093457944 0.09177570093457944
0 0.27422429906542056 0.3693084112149533 0.09177570093457944 0.09177570093457944
0 0.9306168224299065 0.12334579439252336 0.09177570093457944 0.09177570093457944
0 0.6266448598130842 0.25329906542056074 0.09177570093457944 0.09177570093457944
0 0.9284112149532711 0.5594672897196261 0.09177570093457944 0.09177570093457944
0 0.48421495327102804 0.2731308411214953 0.09177570093457944 0.09177570093457944
2 0.5005420560747664 0.4996121495327102 0.9989158878504673 0.9963271028037383
1 0.8560794392523364 0.49998130841121496 0.2738598130841121 0.991196261682243
1 0.5469719626168225 0.48346261682242986 0.2958878504672897 0.9640280373831775
1 0.1919766355140187 0.49741121495327095 0.3230560747663552 0.9889906542056075
