0 0.30946728971962617 0.8017570093457944 0.07562616822429907 0.07562616822429907
0 0.4306168224299065 0.872981308411215 0.07562616822429907 0.07562616822429907
0 0.363803738317757 0.8671028037383177 0.07562616822429907 0.07562616822429907
0 0.2353177570093458 0.834803738317757 0.07562616822429907 0.07562616822429907
0 0.17730841121495328 0.6923644859813084 0.07562616822429907 0.07562616822429907
0 0.11490654205607477 0.6240841121495327 0.07562616822429907 0.07562616822429907
0 0.37187850467289724 0.6049906542056075 0.07562616822429907 0.07562616822429907
0 0.370411214953271 0.16372897196261682 0.07562616822429907 0.07562616822429907
0 0.243392523364486 0.6600560747663551 0.07562616822429907 0.07562616822429907
0 0.28597196261682245 0.8950093457943925 0.07562616822429907 0.07562616822429907
0 0.1255514018691589 0.7690934579439251 0.07562616822429907 0.07562616822429907
0 0.5150467289719627 0.8443457943925234 0.07562616822429907 0.07562616822429907
2 0.4992476635514018 0.5003457943925232 0.9978037383177571 0.9948598130841122
1 0.3105560747663551 0.4992476635514018 0.5675420560747664 0.9823831775700935
