0 0.9199719626168225 0.9052897196261682 0.09985046728971964 0.10132710280373831
0 0.9155700934579439 0.8553644859813084 0.09985046728971964 0.10132710280373831
0 0.9118971962616823 0.792214953271028 0.09985046728971964 0.10132710280373831
0 0.9023457943925234 0.7415607476635514 0.09985046728971964 0.10132710280373831
0 0.45961682242990654 0.5352429906542057 0.09985046728971964 0.10132710280373831
0 0.2004392523364486 0.0844392523364486 0.09985046728971964 0.10132710280373831
0 0.31424299065420563 0.8524205607476636 0.09985046728971964 0.10132710280373831
0 0.2782710280373832 0.7687196261682243 0.09985046728971964 0.10132710280373831
0 0.20999065420560747 0.6556542056074766 0.09985046728971964 0.10132710280373831
0 0.16446728971962615 0.5088130841121495 0.09985046728971964 0.10132710280373831
0 0.2760654205607477 0.2400841121495327 0.09985046728971964 0.10132710280373831
0 0.7452242990654205 0.444196261682243 0.09985046728971964 0.10132710280373831
0 0.321588785046729 0.3964766355140187 0.09985046728971964 0.10132710280373831
0 0.6027943925233645 0.4765046728971963 0.09985046728971964 0.10132710280373831
1 0.27682242990654204 0.502588785046729 0.30983177570093456 0.99192523364486
1 0.5723411214953271 0.5033130841121495 0.3179158878504673 0.993373831775701
1 0.8399532710280374 0.5033130841121495 0.32009345794392524 0.993373831775701
2 0.502588785046729 0.502214953271028 0.9933831775700935 0.9955700934579439
