0 0.2845046728971963 0.4493177570093458 0.07783177570093458 0.08071028037383178
0 0.3395700934579439 0.7562429906542055 0.07783177570093458 0.08071028037383178
0 0.6560186915887851 0.5778224299065421 0.07783177570093458 0.08071028037383178
0 0.5840654205607477 0.4765046728971963 0.07783177570093458 0.08071028037383178
0 0.2727570093457944 0.19971028037383176 0.07783177570093458 0.08071028037383178
0 0.34617757009345795 0.29442056074766354 0.07783177570093458 0.08071028037383178
0 0.7984579439252336 0.5579999999999999 0.07783177570093458 0.08071028037383178
0 0.7918504672897196 0.6233457943925234 0.07783177570093458 0.08071028037383178
0 0.2536728971962617 0.8737196261682243 0.07783177570093458 0.08071028037383178
0 0.31681308411214953 0.930981308411215 0.07783177570093458 0.08071028037383178
0 0.43355140186915886 0.45154205607476633 0.07783177570093458 0.08071028037383178
2 0.49998130841121485 0.4985233644859813 0.9992710280373832 0.9970467289719626
1 0.3208364485981309 0.4992476635514018 0.43098130841121496 0.9941214953271028
1 0.7239205607476635 0.4992476635514018 0.4045514018691589 0.9926635514018692
