0 0.685018691588785 0.5257009345794392 0.07856074766355141 0.07856074766355141
0 0.38362616822429907 0.1450093457943925 0.07856074766355141 0.07856074766355141
0 0.379588785046729 0.09691588785046729 0.07856074766355141 0.07856074766355141
0 0.3634392523364486 0.48531775700934576 0.07856074766355141 0.07856074766355141
0 0.7533084112149533 0.5139532710280373 0.07856074766355141 0.07856074766355141
0 0.6842897196261682 0.5726915887850467 0.07856074766355141 0.07856074766355141
0 0.6931028037383178 0.15639252336448597 0.07856074766355141 0.07856074766355141
0 0.7621121495327103 0.20778504672897197 0.07856074766355141 0.07856074766355141
0 0.3245233644859813 0.1820841121495327 0.07856074766355141 0.07856074766355141
0 0.2973551401869159 0.5851682242990655 0.07856074766355141 0.07856074766355141
0 0.3641682242990654 0.5866355140186916 0.07856074766355141 0.07856074766355141
0 0.3634392523364486 0.5359813084112149 0.07856074766355141 0.07856074766355141
0 0.6952990654205607 0.21585981308411215 0.07856074766355141 0.07856074766355141
2 0.4996588785046729 0.5025794392523364 0.9992616822429907 0.9948411214953271
1 0.2886401869158879 0.504785046728972 0.3361214953271028 0.9904299065420561
1 0.7114766355140186 0.5018598130841122 0.30250467289719624 0.9889906542056073
