0 0.5161495327102803 0.7738598130841121 0.1057196261682243 0.107196261682243
0 0.2812056074766355 0.3135140186915888 0.1057196261682243 0.107196261682243
0 0.26138317757009344 0.3884018691588785 0.1057196261682243 0.107196261682243
0 0.25917757009345793 0.4588878504672897 0.1057196261682243 0.107196261682243
0 0.2709252336448598 0.5455233644859814 0.1057196261682243 0.107196261682243
0 0.6115981308411215 0.45007476635514015 0.1057196261682243 0.107196261682243
0 0.6160093457943925 0.5139532710280373 0.1057196261682243 0.107196261682243
0 0.47210280373831776 0.8472803738317757 0.1057196261682243 0.107196261682243
0 0.44272897196261685 0.9214392523364486 0.1057196261682243 0.107196261682243
0 0.37444859813084114 0.3854672897196262 0.1057196261682243 0.107196261682243
0 0.43465420560747664 0.221 0.1057196261682243 0.107196261682243
0 0.49926168224299067 0.0932429906542056 0.1057196261682243 0.107196261682243
2 0.49965420560747664 0.5000233644859813 0.9992710280373832 0.9985327102803739
1 0.4390841121495327 0.49928971962616825 0.7621121495327102 0.9838504672897195
