0 0.21034579439252335 0.17106542056074767 0.07342056074766355 0.07194392523364486
0 0.2793644859813084 0.6747383177570093 0.07342056074766355 0.07194392523364486
0 0.12077570093457943 0.3318598130841121 0.07342056074766355 0.07194392523364486
0 0.2815700934579439 0.9456635514018692 0.07342056074766355 0.07194392523364486
0 0.28597196261682245 0.9023457943925234 0.07342056074766355 0.07194392523364486
0 0.7353177570093458 0.9082242990654206 0.07342056074766355 0.07194392523364486
0 0.7441214953271028 0.8619626168224299 0.07342056074766355 0.07194392523364486
0 0.7602803738317757 0.808373831775701 0.07342056074766355 0.07194392523364486
0 0.890233644859813 0.6299532710280373 0.07342056074766355 0.07194392523364486
0 0.8058037383177571 0.5359719626168225 0.07342056074766355 0.07194392523364486
0 0.8160747663551402 0.4801775700934579 0.07342056074766355 0.07194392523364486
0 0.2514672897196262 0.3905981308411215 0.07342056074766355 0.07194392523364486
0 0.25586915887850464 0.3421401869158878 0.07342056074766355 0.07194392523364486
1 0.2026214953271028 0.4985093457943925 0.30763551401869155 0.988252336448598
2 0.5 0.49961682242990646 1.0 0.9948598130841122
1 0.7866915887850467 0.500714953271028 0.330392523364486 0.9882523364485982
