0 0.4071214953271028 0.36857943925233644 0.060915887850467296 0.060971962616822424
0 0.4467663551401869 0.45594392523364485 0.060915887850467296 0.060971962616822424
0 0.7896448598130841 0.09764485981308411 0.060915887850467296 0.060971962616822424
0 0.4886168224299066 0.09838317757009346 0.060915887850467296 0.060971962616822424
0 0.22576635514018692 0.6982336448598131 0.060915887850467296 0.060971962616822424
0 0.9563177570093457 0.10058878504672897 0.060915887850467296 0.060971962616822424
0 0.0642429906542056 0.10278504672897197 0.060915887850467296 0.060971962616822424
0 0.40161682242990654 0.0987196261682243 0.060915887850467296 0.060971962616822424
0 0.4034485981308411 0.7356822429906542 0.060915887850467296 0.060971962616822424
0 0.7522056074766356 0.3729813084112149 0.060915887850467296 0.060971962616822424
2 0.4992476635514018 0.49961682242990646 0.9978037383177571 0.9948598130841122
1 0.8509345794392523 0.49851401869158884 0.27532710280373823 0.9897196261682243
1 0.5087943925233646 0.49814953271028034 0.2694579439252337 0.9816448598130842
1 0.16554672897196263 0.49924766355140193 0.27458878504672896 0.9882523364485982
